,robot_speed,robot_speed_kmh,simulation_duration,generation,robot_0_start,robot_0_end,robot_1_start,robot_1_end,robot_2_start,robot_2_end,robot_3_start,robot_3_end,robot_4_start,robot_4_end,robot_5_start,robot_5_end,robot_6_start,robot_6_end,robot_7_start,robot_7_end,robot_8_start,robot_8_end,robot_9_start,robot_9_end,num_risks,num_delivered,utilization_rate,delivery_rate,num_risks_std,num_delivered_std,utilization_rate_std,delivery_rate_std,simulations,num_delivered_0,utilization_rate_0,delivery_rate_0,num_risks_0,unique_id_0,seed_0,requests_per_hour_0,execution_time_0,num_delivered_1,utilization_rate_1,delivery_rate_1,num_risks_1,unique_id_1,seed_1,requests_per_hour_1,execution_time_1,num_delivered_2,utilization_rate_2,delivery_rate_2,num_risks_2,unique_id_2,seed_2,requests_per_hour_2,execution_time_2,num_delivered_3,utilization_rate_3,delivery_rate_3,num_risks_3,unique_id_3,seed_3,requests_per_hour_3,execution_time_3,num_delivered_4,utilization_rate_4,delivery_rate_4,num_risks_4,unique_id_4,seed_4,requests_per_hour_4,execution_time_4,num_delivered_5,utilization_rate_5,delivery_rate_5,num_risks_5,unique_id_5,seed_5,requests_per_hour_5,execution_time_5,num_delivered_6,utilization_rate_6,delivery_rate_6,num_risks_6,unique_id_6,seed_6,requests_per_hour_6,execution_time_6,num_delivered_7,utilization_rate_7,delivery_rate_7,num_risks_7,unique_id_7,seed_7,requests_per_hour_7,execution_time_7,num_delivered_8,utilization_rate_8,delivery_rate_8,num_risks_8,unique_id_8,seed_8,requests_per_hour_8,execution_time_8,num_delivered_9,utilization_rate_9,delivery_rate_9,num_risks_9,unique_id_9,seed_9,requests_per_hour_9,execution_time_9,sequential_execution_time,execution_time
0,11,1.1,5,0,11,12,9,12,10,14,10,14,10,14,9,12,10,12,11,13,11,14,0,0,5.9399999999999995,10.080000000000002,0.9565455246913579,0.1008,0.7269112738154498,0.47497368348151675,0.0185376768272243,0.004749736834815165,10,10.8,0.9689017489711933,0.108,5.0,0,607963662971,100,419.44094800949097,10.0,0.9814480452674896,0.1,7.0,1,602611633635,100,333.5556859970093,9.8,0.9581687242798353,0.098,6.0,2,948500063345,100,495.34718894958496,10.4,0.9437114197530863,0.104,5.6,3,992957841332,100,525.8994073867798,9.4,0.9845421810699588,0.094,6.2,4,520888602397,100,297.88399481773376,10.2,0.9424511316872426,0.102,6.6,5,668419375898,100,537.8860943317413,9.4,0.9461162551440329,0.094,4.4,6,657606891565,100,536.3940536975861,10.8,0.966139403292181,0.108,6.2,7,124715194137,100,374.18192410469055,9.8,0.9535416666666667,0.098,6.4,8,936194090208,100,521.9988052845001,10.2,0.9204346707818929,0.102,6.0,9,746821110196,100,707.8159675598145,4750.404070138931,0.0009810924530029297
1,190,19.0,5,0,11,13,12,13,11,13,11,13,12,14,9,11,10,14,12,14,12,14,11,14,15.679999999999998,22.059999999999995,0.949122685185185,0.2206,1.5651198037211087,0.09165151389911648,0.007295500021176452,0.0009165151389911689,10,22.0,0.9459583333333332,0.22,17.6,10,607963662971,100,407.01041293144226,22.0,0.9547083333333333,0.22,14.2,11,602611633635,100,343.8294496536255,22.0,0.9398171296296296,0.22,18.6,12,948500063345,100,404.12786865234375,22.0,0.9469050925925924,0.22,15.8,13,992957841332,100,373.39363956451416,22.0,0.9483124999999999,0.22,14.0,14,520888602397,100,381.1454246044159,22.0,0.946599537037037,0.22,16.6,15,668419375898,100,393.1916449069977,22.0,0.9513101851851851,0.22,15.4,16,657606891565,100,363.8988847732544,22.2,0.9424212962962961,0.222,16.0,17,124715194137,100,392.5332291126251,22.2,0.9476180555555554,0.222,15.4,18,936194090208,100,383.38860964775085,22.2,0.967576388888889,0.222,13.2,19,746821110196,100,265.03779458999634,3707.556958436966,0.0009894371032714844
2,16,1.6,5,0,11,14,9,12,10,13,11,14,9,12,9,10,11,14,11,14,12,13,9,10,7.359999999999999,11.2,0.9588027777777777,0.11200000000000002,0.7787168933572715,0.36878177829171527,0.014495967019907602,0.003687817782917158,10,11.6,0.9589907407407408,0.116,7.4,20,607963662971,100,421.19410586357117,11.2,0.9818333333333333,0.112,7.0,21,602611633635,100,349.8941090106964,11.2,0.9662129629629629,0.112,8.6,22,948500063345,100,410.5468375682831,11.6,0.9484722222222223,0.116,7.8,23,992957841332,100,457.72398138046265,10.4,0.9277037037037037,0.104,6.4,24,520888602397,100,647.2403953075409,10.8,0.9530462962962962,0.108,7.8,25,668419375898,100,485.6049098968506,11.4,0.9788055555555554,0.114,8.4,26,657606891565,100,364.3300337791443,11.6,0.9576111111111111,0.116,7.2,27,124715194137,100,432.30483293533325,11.0,0.956111111111111,0.11,6.0,28,936194090208,100,484.83336448669434,11.2,0.9592407407407407,0.112,7.0,29,746821110196,100,422.1613943576813,4475.833964586258,0.0007274150848388672
3,79,7.9,5,0,9,12,11,14,12,13,11,14,11,12,12,14,10,11,0,0,0,0,0,0,8.3,11.98,0.940084656084656,0.11979999999999999,1.676305461424021,0.1399999999999995,0.009252372155214402,0.0014000000000000013,10,12.2,0.9228637566137564,0.122,6.2,30,607963662971,100,309.01129126548767,12.0,0.9430820105820104,0.12,7.2,31,602611633635,100,280.1596839427948,12.2,0.944292328042328,0.122,7.0,32,948500063345,100,259.5066571235657,12.0,0.9530423280423278,0.12,10.2,33,992957841332,100,285.44096970558167,12.0,0.9289814814814813,0.12,6.4,34,520888602397,100,297.842298746109,12.0,0.9357804232804231,0.12,7.8,35,668419375898,100,311.2125506401062,11.8,0.9403703703703702,0.118,9.2,36,657606891565,100,320.2296345233917,11.8,0.9474007936507937,0.118,8.4,37,124715194137,100,275.5580508708954,12.0,0.9513955026455027,0.12,8.8,38,936194090208,100,249.84480381011963,11.8,0.9336375661375661,0.118,11.8,39,746821110196,100,323.3476917743683,2912.15363240242,0.0007045269012451172
4,66,6.6,5,0,9,11,12,14,9,10,9,13,10,13,11,12,12,14,9,10,10,14,9,10,12.620000000000001,17.259999999999998,0.9429324074074075,0.17259999999999998,1.586064311432547,0.23748684174075851,0.010575038205218854,0.0023748684174075773,10,17.2,0.937875,0.172,13.0,40,607963662971,100,449.2308597564697,17.2,0.9509861111111111,0.172,13.4,41,602611633635,100,409.7729866504669,17.4,0.9322916666666666,0.174,12.8,42,948500063345,100,466.9564116001129,17.6,0.9535023148148147,0.176,12.8,43,992957841332,100,390.38229727745056,17.4,0.9605902777777777,0.174,12.0,44,520888602397,100,343.00490164756775,16.8,0.9222268518518517,0.168,14.6,45,668419375898,100,488.5819489955902,17.2,0.948923611111111,0.172,10.8,46,657606891565,100,405.84464931488037,17.6,0.9396111111111111,0.176,11.6,47,124715194137,100,407.1510679721832,17.0,0.939185185185185,0.17,15.4,48,936194090208,100,429.178359746933,17.2,0.9441319444444444,0.172,9.8,49,746821110196,100,415.09960436820984,4205.2030873298645,0.0007131099700927734
5,52,5.2,5,0,11,13,11,14,10,13,12,14,11,14,12,14,11,12,11,13,11,12,0,0,10.399999999999999,14.6,0.9620180041152262,0.146,1.8417383093154143,0.3577708763999663,0.008797214368016957,0.0035777087639996623,10,15.2,0.9620524691358023,0.152,13.6,50,607963662971,100,301.99307894706726,14.4,0.9569855967078189,0.144,10.6,51,602611633635,100,316.8767147064209,15.0,0.9630144032921808,0.15,12.2,52,948500063345,100,281.63566970825195,14.6,0.965514403292181,0.146,11.4,53,992957841332,100,297.4195911884308,14.0,0.9537654320987653,0.14,10.8,54,520888602397,100,334.5321133136749,14.6,0.9501903292181068,0.146,10.4,55,668419375898,100,331.9241588115692,14.4,0.9681635802469136,0.144,11.2,56,657606891565,100,273.83494806289673,15.0,0.9787808641975307,0.15,8.4,57,124715194137,100,243.77251744270325,14.6,0.971003086419753,0.146,7.8,58,936194090208,100,265.4410297870636,14.2,0.9507098765432099,0.142,7.6,59,746821110196,100,324.98715233802795,2972.4169743061066,0.0006978511810302734
6,106,10.6,5,0,11,14,12,14,9,13,11,13,12,14,12,14,9,10,9,10,12,13,0,0,12.36,16.5,0.953827160493827,0.16499999999999998,1.0190191362285599,0.2049390153191928,0.007719680215703816,0.0020493901531919213,10,16.6,0.9532561728395061,0.166,11.2,60,607963662971,100,353.09487533569336,16.8,0.9664789094650205,0.168,11.8,61,602611633635,100,278.59708070755005,16.6,0.9409104938271603,0.166,10.6,62,948500063345,100,367.15195655822754,16.6,0.9658564814814814,0.166,11.8,63,992957841332,100,273.5868513584137,16.2,0.9483024691358024,0.162,13.2,64,520888602397,100,353.03534054756165,16.8,0.9575282921810699,0.168,12.8,65,668419375898,100,316.7861952781677,16.2,0.9475591563786008,0.162,12.6,66,657606891565,100,368.191308259964,16.4,0.9547839506172839,0.164,14.0,67,124715194137,100,316.3056421279907,16.4,0.9478395061728394,0.164,12.0,68,936194090208,100,370.1058897972107,16.4,0.955756172839506,0.164,13.6,69,746821110196,100,342.0204999446869,3338.8756399154663,0.0007169246673583984
7,61,6.1,5,0,11,12,10,12,9,10,11,12,12,13,9,11,11,14,11,12,12,14,0,0,7.840000000000001,11.28,0.9432731481481481,0.11280000000000001,1.1859173664298874,0.2993325909419153,0.011871120741038247,0.0029933259094191535,10,11.4,0.9351234567901232,0.114,8.6,70,607963662971,100,362.3086121082306,11.4,0.9350154320987654,0.114,7.2,71,602611633635,100,390.8268241882324,11.8,0.9659619341563784,0.118,9.8,72,948500063345,100,305.61264085769653,11.2,0.9513888888888887,0.112,7.0,73,992957841332,100,355.7245309352875,10.8,0.9367746913580246,0.108,5.8,74,520888602397,100,413.30656599998474,11.6,0.9393724279835389,0.116,6.4,75,668419375898,100,377.1251742839813,11.2,0.9483179012345677,0.112,7.8,76,657606891565,100,354.27037811279297,11.2,0.9424434156378597,0.112,8.4,77,124715194137,100,383.34126138687134,11.4,0.9561471193415636,0.114,8.2,78,936194090208,100,311.39405965805054,10.8,0.9221862139917695,0.108,9.2,79,746821110196,100,401.8375976085663,3655.747645139694,0.0006916522979736328
8,117,11.7,5,0,10,13,11,14,10,11,12,14,12,14,9,13,0,0,0,0,0,0,0,0,9.66,14.16,0.9636327160493826,0.1416,1.0160708636704432,0.17435595774162682,0.012752140715797658,0.0017435595774162602,10,14.2,0.9708680555555556,0.142,9.4,80,607963662971,100,226.08816409111023,14.4,0.9628279320987655,0.144,7.6,81,602611633635,100,242.90488457679749,14.2,0.965667438271605,0.142,11.4,82,948500063345,100,250.92717242240906,14.0,0.9370756172839507,0.14,10.8,83,992957841332,100,327.95160269737244,14.2,0.9778703703703703,0.142,9.4,84,520888602397,100,226.262948513031,14.4,0.984116512345679,0.144,9.8,85,668419375898,100,177.1352481842041,14.2,0.9625077160493826,0.142,9.4,86,657606891565,100,251.79363012313843,14.0,0.948545524691358,0.14,10.2,87,124715194137,100,275.13688254356384,13.8,0.9609259259259259,0.138,10.0,88,936194090208,100,280.0522212982178,14.2,0.9659220679012345,0.142,8.6,89,746821110196,100,257.13873076438904,2515.3914852142334,0.0006766319274902344
9,122,12.2,5,0,12,14,11,12,9,13,11,12,12,14,11,13,11,14,0,0,0,0,0,0,10.6,14.12,0.9534417989417989,0.1412,0.9077444574328174,0.1833030277982335,0.011606017974102786,0.0018330302779823256,10,14.4,0.9662070105820106,0.144,10.6,90,607963662971,100,215.2569990158081,14.4,0.963720238095238,0.144,9.0,91,602611633635,100,225.47385549545288,14.2,0.9616600529100527,0.142,12.0,92,948500063345,100,244.03544330596924,14.0,0.9479001322751321,0.14,11.2,93,992957841332,100,242.92556023597717,14.0,0.9408035714285712,0.14,10.4,94,520888602397,100,280.1648893356323,14.2,0.9428604497354495,0.142,11.6,95,668419375898,100,240.006689786911,13.8,0.9321329365079364,0.138,9.2,96,657606891565,100,332.84212613105774,14.0,0.9521726190476189,0.14,11.0,97,124715194137,100,245.76176261901855,14.0,0.9584193121693121,0.14,10.2,98,936194090208,100,231.56347107887268,14.2,0.9685416666666666,0.142,10.8,99,746821110196,100,215.65422654151917,2473.685023546219,0.0006852149963378906
10,177,17.7,5,0,9,11,10,11,11,14,10,11,9,10,9,10,11,14,0,0,0,0,0,0,8.059999999999999,12.0,0.9555330687830687,0.12000000000000002,1.5976232346833215,0.0,0.007542787581182076,2.7755575615628914e-17,10,12.0,0.9451521164021164,0.12,9.0,100,607963662971,100,316.36647295951843,12.0,0.9473478835978835,0.12,6.2,101,602611633635,100,279.95067739486694,12.0,0.9519841269841268,0.12,10.6,102,948500063345,100,287.24298763275146,12.0,0.9523015873015871,0.12,5.8,103,992957841332,100,276.95943784713745,12.0,0.9534060846560845,0.12,9.2,104,520888602397,100,284.91281247138977,12.0,0.9514814814814815,0.12,7.0,105,668419375898,100,283.2816438674927,12.0,0.9578902116402116,0.12,10.2,106,657606891565,100,253.04685020446777,12.0,0.9589748677248676,0.12,7.2,107,124715194137,100,281.1032626628876,12.0,0.9693650793650791,0.12,8.6,108,936194090208,100,235.86830615997314,12.0,0.9674272486772486,0.12,6.8,109,746821110196,100,227.0485920906067,2725.781043291092,0.0006852149963378906
11,117,11.7,5,0,12,14,9,11,12,14,9,13,11,13,10,14,9,11,0,0,0,0,0,0,13.059999999999999,16.86,0.9594513888888889,0.16859999999999997,1.2297967311714568,0.17999999999999933,0.006409151004045385,0.0017999999999999965,10,17.0,0.9645932539682539,0.17,12.6,110,607963662971,100,276.24499893188477,17.2,0.9698511904761905,0.172,12.4,111,602611633635,100,259.4602348804474,16.8,0.9493055555555555,0.168,16.0,112,948500063345,100,328.7404296398163,17.0,0.9663888888888889,0.17,11.6,113,992957841332,100,273.68238067626953,16.6,0.9510912698412696,0.166,12.2,114,520888602397,100,336.4752013683319,17.0,0.9556448412698412,0.17,12.0,115,668419375898,100,304.05664825439453,16.8,0.9619047619047618,0.168,13.2,116,657606891565,100,301.5360255241394,16.8,0.9573115079365079,0.168,13.2,117,124715194137,100,299.5317966938019,16.6,0.9553373015873016,0.166,14.4,118,936194090208,100,308.10552644729614,16.8,0.9630853174603172,0.168,13.0,119,746821110196,100,273.3750379085541,2961.208280324936,0.0006940364837646484
12,177,17.7,5,1,9,11,10,11,11,14,10,11,9,10,9,10,11,14,0,0,0,0,0,0,8.059999999999999,12.0,0.9555330687830687,0.12000000000000002,1.5976232346833215,0.0,0.007542787581182076,2.7755575615628914e-17,10,12.0,0.9451521164021164,0.12,9.0,100,607963662971,100,316.36647295951843,12.0,0.9473478835978835,0.12,6.2,101,602611633635,100,279.95067739486694,12.0,0.9519841269841268,0.12,10.6,102,948500063345,100,287.24298763275146,12.0,0.9523015873015871,0.12,5.8,103,992957841332,100,276.95943784713745,12.0,0.9534060846560845,0.12,9.2,104,520888602397,100,284.91281247138977,12.0,0.9514814814814815,0.12,7.0,105,668419375898,100,283.2816438674927,12.0,0.9578902116402116,0.12,10.2,106,657606891565,100,253.04685020446777,12.0,0.9589748677248676,0.12,7.2,107,124715194137,100,281.1032626628876,12.0,0.9693650793650791,0.12,8.6,108,936194090208,100,235.86830615997314,12.0,0.9674272486772486,0.12,6.8,109,746821110196,100,227.0485920906067,2725.781043291092,0.0006716251373291016
13,177,17.7,5,1,9,11,10,11,11,14,10,11,9,10,9,10,11,14,0,0,0,0,0,0,8.059999999999999,12.0,0.9555330687830687,0.12000000000000002,1.5976232346833215,0.0,0.007542787581182076,2.7755575615628914e-17,10,12.0,0.9451521164021164,0.12,9.0,100,607963662971,100,316.36647295951843,12.0,0.9473478835978835,0.12,6.2,101,602611633635,100,279.95067739486694,12.0,0.9519841269841268,0.12,10.6,102,948500063345,100,287.24298763275146,12.0,0.9523015873015871,0.12,5.8,103,992957841332,100,276.95943784713745,12.0,0.9534060846560845,0.12,9.2,104,520888602397,100,284.91281247138977,12.0,0.9514814814814815,0.12,7.0,105,668419375898,100,283.2816438674927,12.0,0.9578902116402116,0.12,10.2,106,657606891565,100,253.04685020446777,12.0,0.9589748677248676,0.12,7.2,107,124715194137,100,281.1032626628876,12.0,0.9693650793650791,0.12,8.6,108,936194090208,100,235.86830615997314,12.0,0.9674272486772486,0.12,6.8,109,746821110196,100,227.0485920906067,2725.781043291092,0.0006723403930664062
14,79,7.9,5,1,9,12,11,14,12,13,11,14,11,12,12,14,10,11,0,0,0,0,0,0,8.3,11.98,0.940084656084656,0.11979999999999999,1.676305461424021,0.1399999999999995,0.009252372155214402,0.0014000000000000013,10,12.2,0.9228637566137564,0.122,6.2,30,607963662971,100,309.01129126548767,12.0,0.9430820105820104,0.12,7.2,31,602611633635,100,280.1596839427948,12.2,0.944292328042328,0.122,7.0,32,948500063345,100,259.5066571235657,12.0,0.9530423280423278,0.12,10.2,33,992957841332,100,285.44096970558167,12.0,0.9289814814814813,0.12,6.4,34,520888602397,100,297.842298746109,12.0,0.9357804232804231,0.12,7.8,35,668419375898,100,311.2125506401062,11.8,0.9403703703703702,0.118,9.2,36,657606891565,100,320.2296345233917,11.8,0.9474007936507937,0.118,8.4,37,124715194137,100,275.5580508708954,12.0,0.9513955026455027,0.12,8.8,38,936194090208,100,249.84480381011963,11.8,0.9336375661375661,0.118,11.8,39,746821110196,100,323.3476917743683,2912.15363240242,0.0006732940673828125
15,79,7.9,5,1,9,12,11,14,12,13,11,14,11,12,12,14,10,11,0,0,0,0,0,0,8.3,11.98,0.940084656084656,0.11979999999999999,1.676305461424021,0.1399999999999995,0.009252372155214402,0.0014000000000000013,10,12.2,0.9228637566137564,0.122,6.2,30,607963662971,100,309.01129126548767,12.0,0.9430820105820104,0.12,7.2,31,602611633635,100,280.1596839427948,12.2,0.944292328042328,0.122,7.0,32,948500063345,100,259.5066571235657,12.0,0.9530423280423278,0.12,10.2,33,992957841332,100,285.44096970558167,12.0,0.9289814814814813,0.12,6.4,34,520888602397,100,297.842298746109,12.0,0.9357804232804231,0.12,7.8,35,668419375898,100,311.2125506401062,11.8,0.9403703703703702,0.118,9.2,36,657606891565,100,320.2296345233917,11.8,0.9474007936507937,0.118,8.4,37,124715194137,100,275.5580508708954,12.0,0.9513955026455027,0.12,8.8,38,936194090208,100,249.84480381011963,11.8,0.9336375661375661,0.118,11.8,39,746821110196,100,323.3476917743683,2912.15363240242,0.0006585121154785156
16,61,6.1,5,1,11,12,10,12,9,10,11,12,10,12,9,11,11,14,0,0,0,0,0,0,7.76,9.620000000000001,0.949589947089947,0.0962,1.7223240113288791,0.16613247725836153,0.014185632550291137,0.0016613247725836165,10,9.6,0.9371230158730157,0.096,6.0,120,607963662971,100,339.56504940986633,10.0,0.9496097883597882,0.1,5.8,121,602611633635,100,278.39204502105713,9.8,0.9778571428571425,0.098,6.6,122,948500063345,100,235.67262268066406,9.4,0.9280886243386242,0.094,8.6,123,992957841332,100,334.8013370037079,9.6,0.9398015873015871,0.096,6.4,124,520888602397,100,322.98828291893005,9.6,0.9376256613756612,0.096,8.4,125,668419375898,100,335.06685614585876,9.6,0.9526785714285715,0.096,6.0,126,657606891565,100,318.9081802368164,9.6,0.9563425925925925,0.096,10.8,127,124715194137,100,288.55653166770935,9.4,0.9669510582010581,0.094,9.4,128,936194090208,100,259.55425000190735,9.6,0.9498214285714283,0.096,9.6,129,746821110196,100,284.4865174293518,2997.991672515869,0.0007104873657226562
17,66,6.6,5,1,9,10,11,14,9,10,9,13,10,13,9,10,9,13,10,11,10,11,9,13,12.940000000000001,18.94,0.9438606481481481,0.18939999999999999,1.4368020044529448,0.2690724809414733,0.006737360979246777,0.0026907248094147447,10,19.0,0.9495740740740739,0.19,13.4,130,607963662971,100,398.84540820121765,18.8,0.9420416666666664,0.188,11.4,131,602611633635,100,436.69926285743713,19.4,0.947023148148148,0.194,11.2,132,948500063345,100,404.20953130722046,19.4,0.9504861111111109,0.194,12.4,133,992957841332,100,415.24028968811035,19.0,0.9410763888888887,0.19,11.6,134,520888602397,100,447.06250619888306,18.8,0.9307245370370371,0.188,12.6,135,668419375898,100,466.4272801876068,18.6,0.9470902777777777,0.186,14.0,136,657606891565,100,432.46944785118103,19.0,0.9437523148148147,0.19,12.2,137,124715194137,100,425.5403847694397,18.6,0.9341203703703702,0.186,15.4,138,936194090208,100,493.2526054382324,18.8,0.9527175925925924,0.188,15.2,139,746821110196,100,412.0977292060852,4331.844445705414,0.0007007122039794922
18,106,10.6,5,1,11,13,9,12,9,13,11,13,9,11,12,14,9,10,11,13,12,13,0,0,12.9,17.42,0.9549915123456788,0.17419999999999997,0.7602631123499283,0.28913664589601956,0.008754935870143142,0.0028913664589601887,10,17.8,0.9617824074074074,0.178,11.4,140,607963662971,100,332.0723865032196,17.6,0.9633307613168722,0.176,13.6,141,602611633635,100,329.1639783382416,17.8,0.9537782921810698,0.178,14.0,142,948500063345,100,355.8590626716614,17.2,0.945619855967078,0.172,13.0,143,992957841332,100,390.8072557449341,16.8,0.9391743827160491,0.168,12.6,144,520888602397,100,416.1483497619629,17.6,0.9670447530864195,0.176,12.8,145,668419375898,100,327.37607169151306,17.4,0.9629526748971191,0.174,12.4,146,657606891565,100,335.47124552726746,17.4,0.9494393004115226,0.174,12.4,147,124715194137,100,361.931583404541,17.2,0.9476183127572015,0.172,14.0,148,936194090208,100,396.8865249156952,17.4,0.9591743827160494,0.174,12.8,149,746821110196,100,344.0798764228821,3589.7963349819183,0.0006842613220214844
19,11,1.1,5,1,11,12,11,14,10,14,10,14,12,14,9,12,10,12,10,13,0,0,0,0,4.880000000000001,8.32,0.950644386574074,0.08319999999999998,0.9474175425861607,0.5153639490690051,0.020846553926725676,0.005153639490690048,10,8.6,0.9672019675925925,0.086,5.0,150,607963662971,100,375.0999310016632,8.8,0.9806799768518518,0.088,5.8,151,602611633635,100,274.6985785961151,7.4,0.9606249999999998,0.074,3.6,152,948500063345,100,391.00964522361755,9.0,0.9332291666666667,0.09,3.8,153,992957841332,100,533.3338205814362,7.8,0.9539120370370369,0.078,6.8,154,520888602397,100,433.05834698677063,9.0,0.9799797453703702,0.09,5.8,155,668419375898,100,252.49208450317383,8.2,0.9340914351851851,0.082,4.8,156,657606891565,100,537.2204279899597,8.4,0.9518576388888889,0.084,4.4,157,124715194137,100,412.08080291748047,7.8,0.9186805555555555,0.078,4.6,158,936194090208,100,636.7187917232513,8.2,0.9261863425925926,0.082,4.2,159,746821110196,100,545.8049976825714,4391.517427206039,0.0006899833679199219
20,79,7.9,5,1,9,12,11,14,12,13,11,14,11,12,12,14,10,11,0,0,0,0,0,0,8.3,11.98,0.940084656084656,0.11979999999999999,1.676305461424021,0.1399999999999995,0.009252372155214402,0.0014000000000000013,10,12.2,0.9228637566137564,0.122,6.2,30,607963662971,100,309.01129126548767,12.0,0.9430820105820104,0.12,7.2,31,602611633635,100,280.1596839427948,12.2,0.944292328042328,0.122,7.0,32,948500063345,100,259.5066571235657,12.0,0.9530423280423278,0.12,10.2,33,992957841332,100,285.44096970558167,12.0,0.9289814814814813,0.12,6.4,34,520888602397,100,297.842298746109,12.0,0.9357804232804231,0.12,7.8,35,668419375898,100,311.2125506401062,11.8,0.9403703703703702,0.118,9.2,36,657606891565,100,320.2296345233917,11.8,0.9474007936507937,0.118,8.4,37,124715194137,100,275.5580508708954,12.0,0.9513955026455027,0.12,8.8,38,936194090208,100,249.84480381011963,11.8,0.9336375661375661,0.118,11.8,39,746821110196,100,323.3476917743683,2912.15363240242,0.0007007122039794922
21,79,7.9,5,1,9,12,11,14,12,13,11,14,11,12,12,14,10,11,0,0,0,0,0,0,8.3,11.98,0.940084656084656,0.11979999999999999,1.676305461424021,0.1399999999999995,0.009252372155214402,0.0014000000000000013,10,12.2,0.9228637566137564,0.122,6.2,30,607963662971,100,309.01129126548767,12.0,0.9430820105820104,0.12,7.2,31,602611633635,100,280.1596839427948,12.2,0.944292328042328,0.122,7.0,32,948500063345,100,259.5066571235657,12.0,0.9530423280423278,0.12,10.2,33,992957841332,100,285.44096970558167,12.0,0.9289814814814813,0.12,6.4,34,520888602397,100,297.842298746109,12.0,0.9357804232804231,0.12,7.8,35,668419375898,100,311.2125506401062,11.8,0.9403703703703702,0.118,9.2,36,657606891565,100,320.2296345233917,11.8,0.9474007936507937,0.118,8.4,37,124715194137,100,275.5580508708954,12.0,0.9513955026455027,0.12,8.8,38,936194090208,100,249.84480381011963,11.8,0.9336375661375661,0.118,11.8,39,746821110196,100,323.3476917743683,2912.15363240242,0.0006721019744873047
22,117,11.7,5,1,10,13,11,14,10,11,12,14,12,14,9,13,0,0,0,0,0,0,0,0,9.66,14.16,0.9636327160493826,0.1416,1.0160708636704432,0.17435595774162682,0.012752140715797658,0.0017435595774162602,10,14.2,0.9708680555555556,0.142,9.4,80,607963662971,100,226.08816409111023,14.4,0.9628279320987655,0.144,7.6,81,602611633635,100,242.90488457679749,14.2,0.965667438271605,0.142,11.4,82,948500063345,100,250.92717242240906,14.0,0.9370756172839507,0.14,10.8,83,992957841332,100,327.95160269737244,14.2,0.9778703703703703,0.142,9.4,84,520888602397,100,226.262948513031,14.4,0.984116512345679,0.144,9.8,85,668419375898,100,177.1352481842041,14.2,0.9625077160493826,0.142,9.4,86,657606891565,100,251.79363012313843,14.0,0.948545524691358,0.14,10.2,87,124715194137,100,275.13688254356384,13.8,0.9609259259259259,0.138,10.0,88,936194090208,100,280.0522212982178,14.2,0.9659220679012345,0.142,8.6,89,746821110196,100,257.13873076438904,2515.3914852142334,0.0006673336029052734
23,117,11.7,5,1,10,13,11,14,10,11,12,14,12,14,9,13,0,0,0,0,0,0,0,0,9.66,14.16,0.9636327160493826,0.1416,1.0160708636704432,0.17435595774162682,0.012752140715797658,0.0017435595774162602,10,14.2,0.9708680555555556,0.142,9.4,80,607963662971,100,226.08816409111023,14.4,0.9628279320987655,0.144,7.6,81,602611633635,100,242.90488457679749,14.2,0.965667438271605,0.142,11.4,82,948500063345,100,250.92717242240906,14.0,0.9370756172839507,0.14,10.8,83,992957841332,100,327.95160269737244,14.2,0.9778703703703703,0.142,9.4,84,520888602397,100,226.262948513031,14.4,0.984116512345679,0.144,9.8,85,668419375898,100,177.1352481842041,14.2,0.9625077160493826,0.142,9.4,86,657606891565,100,251.79363012313843,14.0,0.948545524691358,0.14,10.2,87,124715194137,100,275.13688254356384,13.8,0.9609259259259259,0.138,10.0,88,936194090208,100,280.0522212982178,14.2,0.9659220679012345,0.142,8.6,89,746821110196,100,257.13873076438904,2515.3914852142334,0.0006644725799560547
24,61,6.1,5,2,11,12,10,12,9,10,11,12,10,12,11,13,10,13,0,0,0,0,0,0,6.960000000000001,9.6,0.9510297619047619,0.096,1.087382177525455,0.12649110640673528,0.010680296719415281,0.0012649110640673528,10,9.6,0.952718253968254,0.096,6.8,160,607963662971,100,287.55255031585693,9.8,0.9382010582010581,0.098,8.0,161,602611633635,100,343.34403014183044,9.6,0.9613425925925924,0.096,6.0,162,948500063345,100,306.6205487251282,9.4,0.934292328042328,0.094,5.4,163,992957841332,100,328.0888476371765,9.6,0.9408994708994707,0.096,7.2,164,520888602397,100,320.17193031311035,9.6,0.9430357142857141,0.096,7.0,165,668419375898,100,338.06203603744507,9.6,0.9563425925925925,0.096,8.8,166,657606891565,100,312.47098445892334,9.6,0.9592724867724867,0.096,8.4,167,124715194137,100,292.0094270706177,9.4,0.9683862433862432,0.094,6.0,168,936194090208,100,267.3949749469757,9.8,0.955806878306878,0.098,6.0,169,746821110196,100,261.1260392665863,3056.8413689136505,0.0007843971252441406
25,79,7.9,5,2,9,12,11,14,12,13,11,14,9,10,12,14,10,11,0,0,0,0,0,0,9.38,11.98,0.940084656084656,0.11979999999999999,1.6430459518832696,0.1399999999999995,0.009252372155214402,0.0014000000000000013,10,12.2,0.9228637566137564,0.122,8.2,170,607963662971,100,347.6949896812439,12.0,0.9430820105820104,0.12,9.4,171,602611633635,100,317.3371059894562,12.2,0.944292328042328,0.122,12.0,172,948500063345,100,304.7297172546387,12.0,0.9530423280423278,0.12,8.4,173,992957841332,100,324.00846552848816,12.0,0.9289814814814813,0.12,9.8,174,520888602397,100,332.6826751232147,12.0,0.9357804232804231,0.12,7.0,175,668419375898,100,354.9469220638275,11.8,0.9403703703703702,0.118,7.0,176,657606891565,100,357.8446156978607,11.8,0.9474007936507937,0.118,11.6,177,124715194137,100,308.72809529304504,12.0,0.9513955026455027,0.12,10.2,178,936194090208,100,283.31027388572693,11.8,0.9336375661375661,0.118,10.2,179,746821110196,100,363.68784952163696,3294.970710039139,0.0007009506225585938
26,117,11.7,5,2,10,13,11,14,10,11,12,14,12,14,9,13,0,0,0,0,0,0,0,0,9.66,14.16,0.9636327160493826,0.1416,1.0160708636704432,0.17435595774162682,0.012752140715797658,0.0017435595774162602,10,14.2,0.9708680555555556,0.142,9.4,80,607963662971,100,226.08816409111023,14.4,0.9628279320987655,0.144,7.6,81,602611633635,100,242.90488457679749,14.2,0.965667438271605,0.142,11.4,82,948500063345,100,250.92717242240906,14.0,0.9370756172839507,0.14,10.8,83,992957841332,100,327.95160269737244,14.2,0.9778703703703703,0.142,9.4,84,520888602397,100,226.262948513031,14.4,0.984116512345679,0.144,9.8,85,668419375898,100,177.1352481842041,14.2,0.9625077160493826,0.142,9.4,86,657606891565,100,251.79363012313843,14.0,0.948545524691358,0.14,10.2,87,124715194137,100,275.13688254356384,13.8,0.9609259259259259,0.138,10.0,88,936194090208,100,280.0522212982178,14.2,0.9659220679012345,0.142,8.6,89,746821110196,100,257.13873076438904,2515.3914852142334,0.0006740093231201172
27,106,10.6,5,2,11,13,9,12,9,13,11,13,9,11,12,14,9,10,11,13,12,13,0,0,12.9,17.42,0.9549915123456788,0.17419999999999997,0.7602631123499283,0.28913664589601956,0.008754935870143142,0.0028913664589601887,10,17.8,0.9617824074074074,0.178,11.4,140,607963662971,100,332.0723865032196,17.6,0.9633307613168722,0.176,13.6,141,602611633635,100,329.1639783382416,17.8,0.9537782921810698,0.178,14.0,142,948500063345,100,355.8590626716614,17.2,0.945619855967078,0.172,13.0,143,992957841332,100,390.8072557449341,16.8,0.9391743827160491,0.168,12.6,144,520888602397,100,416.1483497619629,17.6,0.9670447530864195,0.176,12.8,145,668419375898,100,327.37607169151306,17.4,0.9629526748971191,0.174,12.4,146,657606891565,100,335.47124552726746,17.4,0.9494393004115226,0.174,12.4,147,124715194137,100,361.931583404541,17.2,0.9476183127572015,0.172,14.0,148,936194090208,100,396.8865249156952,17.4,0.9591743827160494,0.174,12.8,149,746821110196,100,344.0798764228821,3589.7963349819183,0.0006792545318603516
28,11,1.1,5,2,11,14,10,14,10,14,10,13,9,11,10,11,11,13,0,0,0,0,0,0,4.779999999999999,7.08,0.9523088624338623,0.0708,0.8874683092933515,0.5230678732248808,0.01824834460427327,0.0052306787322488075,10,7.6,0.9507473544973545,0.076,4.0,180,607963662971,100,423.4582393169403,7.4,0.9588227513227512,0.074,4.2,181,602611633635,100,351.6565246582031,6.8,0.9579298941798939,0.068,5.0,182,948500063345,100,372.7269821166992,6.0,0.9334920634920634,0.06,5.6,183,992957841332,100,591.743768453598,6.6,0.9694940476190474,0.066,5.8,184,520888602397,100,345.522616147995,6.6,0.9144675925925926,0.066,3.8,185,668419375898,100,638.9926552772522,7.6,0.9446825396825395,0.076,5.6,186,657606891565,100,430.4177370071411,7.2,0.9837698412698411,0.072,6.0,187,124715194137,100,264.9177360534668,7.4,0.9623048941798942,0.074,3.4,188,936194090208,100,350.66524505615234,7.6,0.9473776455026454,0.076,4.4,189,746821110196,100,414.67148327827454,4184.772987365723,0.0006814002990722656
29,66,6.6,5,2,9,11,9,13,10,11,9,13,10,13,10,11,12,14,9,10,10,13,9,12,14.38,19.66,0.9492085648148147,0.1966,1.7764008556629327,0.2690724809414741,0.009850570486432687,0.0026907248094147447,10,20.0,0.954537037037037,0.2,14.2,190,607963662971,100,380.07034945487976,19.8,0.9490648148148149,0.198,11.6,191,602611633635,100,418.1101129055023,19.8,0.9398981481481481,0.198,14.2,192,948500063345,100,461.641140460968,20.0,0.9666273148148148,0.2,14.8,193,992957841332,100,351.2276291847229,19.6,0.9583124999999999,0.196,14.8,194,520888602397,100,354.2171862125397,19.6,0.9344421296296297,0.196,12.8,195,668419375898,100,486.55247616767883,19.6,0.9595671296296295,0.196,17.4,196,657606891565,100,375.65297532081604,19.6,0.9383541666666666,0.196,12.2,197,124715194137,100,446.3577446937561,19.6,0.9452361111111109,0.196,17.0,198,936194090208,100,419.75785636901855,19.0,0.9460462962962962,0.19,14.8,199,746821110196,100,460.313196182251,4153.900666952133,0.0006871223449707031
30,107,10.7,5,2,9,12,9,13,10,12,12,14,12,14,9,10,9,10,12,13,0,0,0,0,10.260000000000002,14.8,0.9541018518518516,0.14799999999999996,1.1173182178770737,0.2966479394838268,0.01697738594499057,0.0029664793948382677,10,14.6,0.9361718749999999,0.146,9.0,200,607963662971,100,351.5036699771881,14.6,0.9462876157407406,0.146,11.0,201,602611633635,100,361.6130304336548,14.8,0.9630960648148147,0.148,11.8,202,948500063345,100,276.26616382598877,14.8,0.964548611111111,0.148,10.8,203,992957841332,100,300.59126257896423,14.2,0.9278732638888888,0.142,11.2,204,520888602397,100,368.7121274471283,14.8,0.9556886574074073,0.148,8.0,205,668419375898,100,323.05576825141907,15.4,0.9906076388888888,0.154,9.2,206,657606891565,100,175.16471004486084,15.0,0.9436400462962962,0.15,10.4,207,124715194137,100,297.94141459465027,14.8,0.9474652777777777,0.148,11.0,208,936194090208,100,306.2609624862671,15.0,0.9656394675925926,0.15,10.2,209,746821110196,100,262.1081848144531,3023.2172944545746,0.0006985664367675781
31,77,7.7,5,2,9,12,11,14,11,12,9,13,10,13,9,10,9,13,9,10,9,10,9,13,16.58,21.6,0.9573576388888888,0.21600000000000003,1.9400000000000004,0.3794733192202055,0.011690261095716616,0.0037947331922020583,10,21.0,0.9328912037037036,0.21,18.6,210,607963662971,100,475.6578629016876,21.4,0.9611180555555553,0.214,15.6,211,602611633635,100,394.8236241340637,22.0,0.9579143518518519,0.22,16.4,212,948500063345,100,370.6033453941345,21.6,0.9507106481481481,0.216,18.2,213,992957841332,100,392.2636094093323,21.6,0.9644884259259259,0.216,19.8,214,520888602397,100,348.70297169685364,21.6,0.9538587962962962,0.216,16.6,215,668419375898,100,371.6978437900543,22.0,0.9735879629629629,0.22,15.6,216,657606891565,100,312.5810215473175,22.2,0.9625509259259258,0.222,12.4,217,124715194137,100,367.19728779792786,21.6,0.9715393518518518,0.216,15.6,218,936194090208,100,314.6381814479828,21.0,0.9449166666666666,0.21,17.0,219,746821110196,100,432.49346590042114,3780.6592140197754,0.0006926059722900391
32,106,10.6,5,2,11,13,9,12,9,13,11,13,9,11,12,14,9,10,9,11,12,13,0,0,12.779999999999998,17.44,0.9550012860082304,0.17439999999999997,1.351887569289695,0.30724582991474464,0.010633227718406149,0.003072458299147436,10,17.6,0.9525848765432099,0.176,11.8,220,607963662971,100,376.71740460395813,17.6,0.9638477366255143,0.176,11.0,221,602611633635,100,319.56401896476746,17.8,0.9526517489711933,0.178,13.8,222,948500063345,100,355.99931049346924,17.0,0.9422196502057614,0.17,12.2,223,992957841332,100,412.9446597099304,16.8,0.9380529835390945,0.168,15.2,224,520888602397,100,399.90356254577637,17.6,0.9680581275720164,0.176,11.6,225,668419375898,100,314.02441477775574,17.4,0.9653215020576131,0.174,14.6,226,657606891565,100,337.8456664085388,17.4,0.9462731481481481,0.174,12.4,227,124715194137,100,381.94389247894287,17.4,0.9511008230452673,0.174,13.6,228,936194090208,100,363.0469195842743,17.8,0.9699022633744855,0.178,11.6,229,746821110196,100,271.10624074935913,3533.0960903167725,0.0007040500640869141
33,106,10.6,5,2,11,13,12,14,9,13,11,13,12,14,12,14,9,10,11,12,12,13,0,0,11.8,15.52,0.9482376543209874,0.15519999999999998,1.417039166713468,0.22271057451320098,0.008790997158427263,0.002227105745132011,10,16.0,0.9613348765432098,0.16,12.4,230,607963662971,100,313.3144280910492,15.6,0.9546990740740741,0.156,9.8,231,602611633635,100,341.0667860507965,15.6,0.9343749999999998,0.156,11.4,232,948500063345,100,419.78193187713623,15.6,0.9600077160493825,0.156,12.0,233,992957841332,100,319.5066249370575,15.2,0.9444675925925926,0.152,10.4,234,520888602397,100,380.6067545413971,15.6,0.9429861111111109,0.156,12.0,235,668419375898,100,393.0663990974426,15.2,0.9362654320987652,0.152,11.2,236,657606891565,100,417.0383949279785,15.6,0.9526157407407406,0.156,15.4,237,124715194137,100,332.29372811317444,15.4,0.9443364197530862,0.154,11.4,238,936194090208,100,396.6364381313324,15.4,0.9512885802469135,0.154,12.0,239,746821110196,100,367.0713222026825,3680.382807970047,0.0006906986236572266
34,152,15.2,5,2,11,13,11,13,10,12,12,14,9,11,12,13,12,14,10,13,0,0,0,0,11.559999999999999,15.76,0.9648946759259258,0.1576,2.4195867415738577,0.19595917942265434,0.009567279660153812,0.001959591794226544,10,16.0,0.9814641203703702,0.16,16.4,240,607963662971,100,173.44132256507874,15.6,0.9609490740740739,0.156,10.0,241,602611633635,100,246.96616673469543,15.8,0.9661284722222221,0.158,13.2,242,948500063345,100,223.79218411445618,15.8,0.963454861111111,0.158,7.2,243,992957841332,100,239.6107189655304,15.6,0.963003472222222,0.156,13.6,244,520888602397,100,252.44947218894958,15.8,0.9647337962962963,0.158,10.2,245,668419375898,100,231.25296473503113,16.0,0.976724537037037,0.16,10.2,246,657606891565,100,181.79625701904297,15.6,0.9447916666666667,0.156,12.0,247,124715194137,100,281.1425883769989,15.4,0.9578587962962961,0.154,12.6,248,936194090208,100,266.2610900402069,16.0,0.9698379629629628,0.16,10.2,249,746821110196,100,203.39311146736145,2300.1058762073517,0.0006806850433349609
35,79,7.9,5,2,9,12,11,14,10,13,12,14,11,12,12,14,10,11,0,0,0,0,0,0,9.780000000000001,12.719999999999999,0.9427592592592593,0.12719999999999998,1.398427688513067,0.27129319932501056,0.01526307837483786,0.00271293199325011,10,12.4,0.9180753968253966,0.124,9.0,250,607963662971,100,400.8290364742279,13.0,0.9565079365079364,0.13,8.8,251,602611633635,100,288.028443813324,13.2,0.9583994708994709,0.132,10.8,252,948500063345,100,264.39815855026245,13.0,0.9626785714285714,0.13,9.0,253,992957841332,100,273.125652551651,12.4,0.9201917989417989,0.124,8.0,254,520888602397,100,402.88218665122986,12.8,0.9413161375661374,0.128,9.6,255,668419375898,100,328.3920819759369,12.8,0.9453637566137564,0.128,12.2,256,657606891565,100,301.1903648376465,12.6,0.9500992063492063,0.126,8.0,257,124715194137,100,317.53348875045776,12.4,0.9489285714285716,0.124,11.0,258,936194090208,100,327.8153438568115,12.6,0.926031746031746,0.126,11.4,259,746821110196,100,378.38477778434753,3282.5795352458954,0.0006825923919677734
36,177,17.7,5,3,9,11,11,14,9,10,12,13,9,10,11,14,0,0,0,0,0,0,0,0,7.880000000000001,11.0,0.9564027777777777,0.11000000000000001,0.6400000000000001,0.0,0.007087050686789843,1.3877787807814457e-17,10,11.0,0.9541743827160493,0.11,6.8,260,607963662971,100,267.770099401474,11.0,0.955648148148148,0.11,8.4,261,602611633635,100,243.04911613464355,11.0,0.9496604938271603,0.11,8.0,262,948500063345,100,265.0124685764313,11.0,0.9472145061728394,0.11,7.0,263,992957841332,100,275.4486291408539,11.0,0.9567438271604937,0.11,8.4,264,520888602397,100,260.576842546463,11.0,0.9576080246913579,0.11,8.4,265,668419375898,100,230.47802138328552,11.0,0.9561959876543208,0.11,8.4,266,657606891565,100,231.0236358642578,11.0,0.9646604938271605,0.11,8.0,267,124715194137,100,237.37930870056152,11.0,0.9723225308641973,0.11,7.0,268,936194090208,100,200.220849275589,11.0,0.9497993827160491,0.11,8.4,269,746821110196,100,234.15331101417542,2445.112282037735,0.0006804466247558594
37,92,9.2,5,3,9,12,10,11,11,14,9,12,11,12,11,14,10,11,0,0,0,0,0,0,9.3,13.34,0.9494246031746032,0.13340000000000002,1.1636150566231085,0.22000000000000033,0.014930409583447369,0.0022000000000000023,10,13.2,0.947936507936508,0.132,10.8,270,607963662971,100,302.7890634536743,13.8,0.9613624338624339,0.138,8.4,271,602611633635,100,227.99247241020203,13.2,0.939074074074074,0.132,10.2,272,948500063345,100,326.20826292037964,13.4,0.9449470899470899,0.134,7.2,273,992957841332,100,284.2751302719116,13.6,0.9721296296296295,0.136,10.4,274,520888602397,100,225.49754428863525,13.2,0.9261640211640211,0.132,9.4,275,668419375898,100,334.7510335445404,13.4,0.9630026455026454,0.134,7.8,276,657606891565,100,263.38634157180786,13.2,0.9521428571428571,0.132,10.2,277,124715194137,100,282.31374883651733,13.0,0.9257936507936508,0.13,10.0,278,936194090208,100,346.49773502349854,13.4,0.9616931216931215,0.134,8.6,279,746821110196,100,247.07502961158752,2840.7863619327545,0.0006835460662841797
38,79,7.9,5,3,11,14,12,13,11,12,10,11,12,14,11,12,10,13,10,11,0,0,0,0,7.840000000000001,11.059999999999999,0.9331319444444443,0.1106,1.5818975946628153,0.1799999999999998,0.010042091413928943,0.0018000000000000015,10,11.0,0.9374884259259257,0.11,9.6,280,607963662971,100,321.81129026412964,11.2,0.9288425925925925,0.112,5.6,281,602611633635,100,326.96673464775085,11.0,0.9290104166666666,0.11,8.4,282,948500063345,100,339.2669439315796,11.2,0.9342129629629627,0.112,5.0,283,992957841332,100,313.91078209877014,11.0,0.9586805555555553,0.11,10.4,284,520888602397,100,252.64606475830078,11.2,0.928912037037037,0.112,8.0,285,668419375898,100,338.9128360748291,11.2,0.9311168981481479,0.112,7.0,286,657606891565,100,330.2035369873047,11.2,0.9385706018518517,0.112,8.8,287,124715194137,100,315.9221680164337,10.6,0.9246469907407406,0.106,8.2,288,936194090208,100,342.3151822090149,11.0,0.9198379629629629,0.11,7.4,289,746821110196,100,364.9857895374298,3246.941328525543,0.0006937980651855469
39,45,4.5,5,3,9,10,9,11,10,13,9,11,12,14,0,0,0,0,0,0,0,0,0,0,4.840000000000001,7.18,0.9567685185185184,0.0718,1.3558761005342634,0.14000000000000012,0.010257239238222091,0.0013999999999999959,10,7.0,0.945537037037037,0.07,3.0,290,607963662971,100,343.6830244064331,7.2,0.9549166666666664,0.072,6.0,291,602611633635,100,256.8047115802765,7.2,0.9528611111111109,0.072,6.2,292,948500063345,100,293.07286190986633,7.2,0.969222222222222,0.072,4.8,293,992957841332,100,230.05753254890442,7.4,0.9760833333333332,0.074,4.8,294,520888602397,100,211.04833030700684,7.2,0.964111111111111,0.072,3.2,295,668419375898,100,270.8950459957123,7.0,0.939287037037037,0.07,4.8,296,657606891565,100,292.2975764274597,7.4,0.9553148148148146,0.074,3.8,297,124715194137,100,258.610431432724,7.0,0.9576666666666668,0.07,4.2,298,936194090208,100,288.05487751960754,7.2,0.9526851851851852,0.072,7.6,299,746821110196,100,257.09055376052856,2701.6149458885193,0.0006704330444335938
40,66,6.6,5,3,9,11,12,14,9,10,9,13,10,12,10,11,12,14,9,10,10,13,9,10,10.5,15.499999999999996,0.9383368055555555,0.15499999999999997,0.84970583144992,0.2720294101747095,0.01391482459786141,0.002720294101747091,10,15.8,0.9425532407407408,0.158,10.6,300,607963662971,100,406.0671262741089,15.6,0.9521574074074073,0.156,11.2,301,602611633635,100,377.08892846107483,15.8,0.9326435185185182,0.158,11.2,302,948500063345,100,461.43112421035767,15.8,0.9486365740740739,0.158,10.8,303,992957841332,100,406.3190245628357,15.8,0.9599537037037036,0.158,10.2,304,520888602397,100,335.68514919281006,15.2,0.9101689814814813,0.152,11.6,305,668419375898,100,537.9016671180725,15.2,0.9443564814814813,0.152,10.8,306,657606891565,100,418.41175150871277,15.4,0.9255046296296296,0.154,10.2,307,124715194137,100,445.85009121894836,15.2,0.9272060185185185,0.152,10.0,308,936194090208,100,486.83591508865356,15.2,0.9401874999999998,0.152,8.4,309,746821110196,100,451.8043451309204,4327.395122766495,0.0006899833679199219
41,106,10.6,5,3,11,13,9,12,9,13,10,12,9,11,12,14,9,10,11,13,11,12,0,0,13.12,17.4,0.9531170267489711,0.174,1.6761861471805573,0.2828427124746195,0.010108229956475598,0.0028284271247461866,10,17.6,0.9530015432098765,0.176,11.6,310,607963662971,100,386.47959661483765,17.6,0.9655272633744855,0.176,12.2,311,602611633635,100,317.57696413993835,17.6,0.9472350823045268,0.176,15.0,312,948500063345,100,394.374365568161,17.2,0.9448122427983537,0.172,16.8,313,992957841332,100,407.3937816619873,16.8,0.938912037037037,0.168,13.8,314,520888602397,100,415.45603036880493,17.6,0.9614480452674895,0.176,14.0,315,668419375898,100,360.43196177482605,17.2,0.9545447530864196,0.172,12.8,316,657606891565,100,395.5556974411011,17.4,0.9489737654320987,0.174,11.4,317,124715194137,100,378.31944036483765,17.2,0.9438863168724279,0.172,12.0,318,936194090208,100,411.3788831233978,17.8,0.9728292181069959,0.178,11.6,319,746821110196,100,256.2982180118561,3723.264939069748,0.0006875991821289062
42,11,1.1,5,3,11,13,9,12,9,13,9,13,10,14,12,14,10,11,11,13,10,13,0,0,5.720000000000001,9.760000000000002,0.9584753086419753,0.09759999999999999,0.6209669878504008,0.4454211490264019,0.014327816965395868,0.0044542114902640165,10,10.4,0.9632355967078189,0.104,5.0,320,607963662971,100,422.79418778419495,10.2,0.964153806584362,0.102,5.6,321,602611633635,100,392.2399048805237,9.4,0.974832818930041,0.094,6.0,322,948500063345,100,358.34825134277344,9.2,0.9552289094650204,0.092,5.2,323,992957841332,100,463.75133061408997,9.2,0.9657433127572015,0.092,7.0,324,520888602397,100,412.43535470962524,10.4,0.9670318930041151,0.104,5.6,325,668419375898,100,417.63386583328247,10.0,0.942824074074074,0.1,5.0,326,657606891565,100,492.53523087501526,9.8,0.9658179012345678,0.098,5.6,327,124715194137,100,425.81402683258057,9.6,0.96309670781893,0.096,6.6,328,936194090208,100,442.26771450042725,9.4,0.9227880658436214,0.094,5.6,329,746821110196,100,667.7390360832214,4495.558903455734,0.0006823539733886719
43,106,10.6,5,3,9,12,10,14,11,13,9,11,9,12,9,10,11,13,12,13,0,0,0,0,13.080000000000002,16.62,0.9573101851851851,0.1662,1.4288456879593399,0.14000000000000062,0.008967327903444943,0.0014000000000000013,10,16.6,0.9574652777777777,0.166,14.2,330,607963662971,100,309.55430006980896,16.4,0.9428703703703702,0.164,11.4,331,602611633635,100,366.7222943305969,16.6,0.9650376157407407,0.166,14.0,332,948500063345,100,323.18945360183716,16.8,0.9631712962962962,0.168,12.0,333,992957841332,100,286.8161098957062,16.4,0.9512934027777777,0.164,15.2,334,520888602397,100,316.3074951171875,16.6,0.9655381944444443,0.166,10.6,335,668419375898,100,322.0868957042694,16.8,0.9711255787037036,0.168,13.8,336,657606891565,100,289.8673663139343,16.6,0.949933449074074,0.166,12.8,337,124715194137,100,324.3777792453766,16.6,0.945564236111111,0.166,12.2,338,936194090208,100,329.35964608192444,16.8,0.9611024305555554,0.168,14.6,339,746821110196,100,286.3827486038208,3154.6640889644623,0.0006670951843261719
44,79,7.9,5,3,9,12,11,14,12,14,11,14,12,14,11,12,12,13,9,10,0,0,0,0,9.559999999999999,13.84,0.9517552083333334,0.1384,1.839130229211624,0.2653299832284318,0.013592167046037775,0.002653299832284315,10,14.0,0.9572280092592591,0.14,7.0,340,607963662971,100,318.7476990222931,14.2,0.9552199074074073,0.142,9.2,341,602611633635,100,305.87540316581726,14.0,0.9607175925925926,0.14,11.8,342,948500063345,100,288.5061023235321,13.8,0.9351504629629629,0.138,11.0,343,992957841332,100,378.3086447715759,13.6,0.9629571759259258,0.136,10.6,344,520888602397,100,309.27560329437256,13.6,0.9422395833333332,0.136,9.4,345,668419375898,100,391.1809730529785,14.0,0.9378761574074073,0.14,5.8,346,657606891565,100,355.42165637016296,13.6,0.94546875,0.136,10.8,347,124715194137,100,393.8583631515503,13.4,0.9396874999999999,0.134,11.2,348,936194090208,100,394.55293321609497,14.2,0.9810069444444445,0.142,8.8,349,746821110196,100,245.5473279953003,3381.274706363678,0.0007081031799316406
45,16,1.6,5,3,10,14,9,12,10,13,11,14,9,10,11,14,12,14,9,10,0,0,0,0,6.659999999999999,9.14,0.9551385995370371,0.0914,0.7799999999999999,0.23748684174075804,0.014201455475621325,0.002374868417407585,10,9.2,0.9498437499999999,0.092,6.6,350,607963662971,100,412.61237025260925,9.4,0.9510300925925925,0.094,6.4,351,602611633635,100,414.14562034606934,9.6,0.957042824074074,0.096,7.4,352,948500063345,100,405.7883002758026,9.0,0.9295515046296297,0.09,6.8,353,992957841332,100,596.2272610664368,8.8,0.9737152777777778,0.088,6.4,354,520888602397,100,335.5912277698517,8.8,0.9430208333333333,0.088,6.2,355,668419375898,100,471.89925503730774,9.2,0.9701302083333332,0.092,7.0,356,657606891565,100,359.23218417167664,9.2,0.9776620370370369,0.092,7.8,357,124715194137,100,324.2506775856018,9.2,0.9535879629629629,0.092,4.8,358,936194090208,100,406.4726209640503,9.0,0.9458015046296295,0.09,7.2,359,746821110196,100,384.63203859329224,4110.851556062698,0.0006935596466064453
46,79,7.9,5,3,9,11,9,12,9,11,12,14,0,0,0,0,0,0,0,0,0,0,0,0,6.04,7.779999999999999,0.9720520833333334,0.0778,1.416474496770062,0.10770329614269018,0.010462092374568072,0.0010770329614269018,10,7.6,0.9508217592592592,0.076,4.4,360,607963662971,100,247.3211259841919,7.8,0.9728240740740739,0.078,7.4,361,602611633635,100,187.32323050498962,7.6,0.9701273148148147,0.076,8.0,362,948500063345,100,194.50206112861633,8.0,0.9866666666666666,0.08,6.6,363,992957841332,100,150.9200780391693,7.8,0.9664583333333332,0.078,7.4,364,520888602397,100,204.7176444530487,7.8,0.9635763888888889,0.078,4.8,365,668419375898,100,213.5654489994049,7.8,0.9864930555555556,0.078,7.6,366,657606891565,100,147.29673075675964,7.8,0.9822569444444443,0.078,5.0,367,124715194137,100,162.23667454719543,7.8,0.9688888888888888,0.078,5.0,368,936194090208,100,198.50425839424133,7.8,0.9724074074074074,0.078,4.2,369,746821110196,100,190.1780710220337,1896.5653238296509,0.0006747245788574219
47,61,6.1,5,3,11,12,9,11,10,11,9,11,9,11,11,14,11,12,12,14,0,0,0,0,7.8,11.32,0.9529762731481479,0.11320000000000001,1.3206059215375343,0.2993325909419153,0.013568405820598574,0.0029933259094191535,10,11.6,0.963142361111111,0.116,5.8,370,607963662971,100,281.5679700374603,11.4,0.9556365740740739,0.114,8.0,371,602611633635,100,295.67445945739746,11.6,0.9689409722222221,0.116,9.8,372,948500063345,100,274.3536322116852,11.2,0.9477141203703703,0.112,9.8,373,992957841332,100,343.8853180408478,11.0,0.9474479166666665,0.11,6.4,374,520888602397,100,351.26626658439636,11.8,0.9754571759259258,0.118,7.0,375,668419375898,100,255.43366861343384,11.4,0.9359606481481481,0.114,6.4,376,657606891565,100,338.7454721927643,11.4,0.9597800925925926,0.114,8.2,377,124715194137,100,297.2514536380768,10.8,0.9455266203703703,0.108,8.6,378,936194090208,100,342.14348220825195,11.0,0.9301562499999998,0.11,8.0,379,746821110196,100,364.2809875011444,3144.6027104854584,0.0006859302520751953
48,15,1.5,5,4,11,14,9,11,12,13,0,0,0,0,0,0,0,0,0,0,0,0,0,0,1.92,2.6399999999999997,0.9510030864197532,0.0264,0.5153639490690051,0.14966629547095758,0.01589097244533341,0.0014966629547095768,10,2.6,0.9570987654320987,0.026,2.2,380,607963662971,100,178.80925250053406,2.8,0.9351697530864197,0.028,1.4,381,602611633635,100,203.40780973434448,2.6,0.920895061728395,0.026,1.8,382,948500063345,100,203.2843050956726,2.8,0.9467592592592592,0.028,1.2,383,992957841332,100,175.93148374557495,2.6,0.9613734567901234,0.026,2.6,384,520888602397,100,167.77975392341614,2.8,0.9579629629629629,0.028,1.0,385,668419375898,100,178.057692527771,2.4,0.9488271604938272,0.024,2.2,386,657606891565,100,194.8654043674469,2.8,0.9846141975308642,0.028,2.4,387,124715194137,100,136.20627570152283,2.6,0.9462654320987652,0.026,2.2,388,936194090208,100,197.6145088672638,2.4,0.9510648148148148,0.024,2.2,389,746821110196,100,166.88562631607056,1802.8421127796173,0.0006542205810546875
49,80,8.0,5,4,11,13,9,12,12,14,10,14,9,13,9,12,10,12,11,14,10,13,0,0,16.559999999999995,22.500000000000004,0.9684917695473251,0.22500000000000003,1.5094369811290567,0.3492849839314597,0.00560313077035604,0.0034928498393145993,10,22.8,0.9680632716049382,0.228,18.8,390,607963662971,100,284.3339319229126,22.6,0.9740715020576132,0.226,14.2,391,602611633635,100,272.3418743610382,22.8,0.9629012345679013,0.228,14.8,392,948500063345,100,315.465616941452,22.6,0.9689043209876542,0.226,17.8,393,992957841332,100,291.76002621650696,21.6,0.9616589506172839,0.216,17.4,394,520888602397,100,347.687783241272,22.6,0.9739197530864198,0.226,18.2,395,668419375898,100,284.1275517940521,22.2,0.9700411522633744,0.222,16.0,396,657606891565,100,286.66302132606506,22.6,0.9655529835390946,0.226,15.2,397,124715194137,100,314.0941791534424,22.4,0.9609567901234569,0.224,17.6,398,936194090208,100,341.8448078632355,22.8,0.9788477366255144,0.228,15.6,399,746821110196,100,241.35795664787292,2979.6767494678497,0.0007052421569824219
50,105,10.5,5,4,9,11,12,14,9,11,12,14,0,0,0,0,0,0,0,0,0,0,0,0,5.74,7.220000000000001,0.9503506944444442,0.0722,0.7158212067269312,0.10770329614269018,0.010658313447444744,0.001077032961426899,10,7.4,0.959548611111111,0.074,6.0,400,607963662971,100,196.31927847862244,7.2,0.9343749999999998,0.072,5.8,401,602611633635,100,260.961092710495,7.0,0.9443055555555554,0.07,7.0,402,948500063345,100,241.03427934646606,7.2,0.9440277777777777,0.072,5.0,403,992957841332,100,239.65571570396423,7.2,0.9465277777777777,0.072,5.2,404,520888602397,100,226.70175123214722,7.2,0.9487152777777776,0.072,6.6,405,668419375898,100,226.08415460586548,7.2,0.9646180555555555,0.072,6.0,406,657606891565,100,189.95694994926453,7.2,0.9485763888888888,0.072,5.8,407,124715194137,100,234.4415910243988,7.4,0.9709374999999999,0.074,4.4,408,936194090208,100,175.4222593307495,7.2,0.941875,0.072,5.6,409,746821110196,100,240.87064933776855,2231.447721719742,0.0006763935089111328
51,79,7.9,5,4,11,13,12,14,9,13,10,12,9,11,12,14,9,10,11,13,9,10,0,0,12.02,15.559999999999999,0.9583495370370368,0.1556,1.5810123339177335,0.2653299832284323,0.010758828543019176,0.0026532998322843226,10,16.0,0.9486033950617282,0.16,11.2,410,607963662971,100,362.012654542923,15.4,0.9522530864197528,0.154,9.0,411,602611633635,100,379.13221764564514,15.8,0.9636496913580245,0.158,13.2,412,948500063345,100,332.58215594291687,15.2,0.9444753086419753,0.152,12.6,413,992957841332,100,399.4721255302429,15.2,0.9570833333333333,0.152,11.8,414,520888602397,100,359.8282413482666,15.8,0.9607870370370369,0.158,10.4,415,668419375898,100,331.22646284103394,15.4,0.9671990740740739,0.154,11.8,416,657606891565,100,343.75481629371643,15.8,0.9749537037037036,0.158,15.2,417,124715194137,100,290.0705506801605,15.4,0.9423996913580246,0.154,12.2,418,936194090208,100,406.44979453086853,15.6,0.972091049382716,0.156,12.8,419,746821110196,100,309.6866993904114,3514.2157187461853,0.0007979869842529297
52,79,7.9,5,4,9,11,11,14,12,14,0,0,0,0,0,0,0,0,0,0,0,0,0,0,4.7,6.04,0.9720648148148149,0.06040000000000001,1.4233762678926467,0.14966629547095778,0.01052347572719616,0.0014966629547095757,10,6.0,0.9650925925925926,0.06,3.0,420,607963662971,100,167.5133090019226,6.2,0.9915432098765432,0.062,3.6,421,602611633635,100,117.44448566436768,6.2,0.9847222222222222,0.062,6.0,422,948500063345,100,125.1904706954956,6.2,0.9817746913580246,0.062,3.6,423,992957841332,100,126.71476340293884,6.0,0.9609104938271605,0.06,6.4,424,520888602397,100,178.4473361968994,6.0,0.9705555555555555,0.06,6.0,425,668419375898,100,155.85430693626404,5.8,0.9576697530864197,0.058,6.2,426,657606891565,100,182.6453869342804,6.2,0.97625,0.062,2.2,427,124715194137,100,159.4915680885315,6.0,0.966929012345679,0.06,5.0,428,936194090208,100,168.61318707466125,5.8,0.9652006172839508,0.058,5.0,429,746821110196,100,164.92454624176025,1546.8393602371216,0.00067901611328125
53,66,6.6,5,4,9,11,11,14,9,10,9,13,10,13,9,11,10,11,9,13,0,0,0,0,13.219999999999999,16.360000000000003,0.9582540509259259,0.1636,1.8962067397834026,0.29393876913398176,0.011403924099183229,0.0029393876913398165,10,16.2,0.9526620370370369,0.162,14.0,430,607963662971,100,373.43781423568726,16.6,0.9589670138888888,0.166,12.6,431,602611633635,100,339.23808193206787,16.4,0.9627777777777776,0.164,17.6,432,948500063345,100,348.6726245880127,16.6,0.9514004629629629,0.166,11.8,433,992957841332,100,356.6205143928528,16.0,0.9710937499999999,0.16,14.2,434,520888602397,100,305.3993012905121,16.6,0.9721556712962962,0.166,10.6,435,668419375898,100,299.36396384239197,16.4,0.9549103009259259,0.164,11.4,436,657606891565,100,333.6243155002594,16.8,0.9721354166666665,0.168,12.4,437,124715194137,100,295.4324314594269,15.8,0.9528935185185184,0.158,14.6,438,936194090208,100,382.6100616455078,16.2,0.9335445601851851,0.162,13.0,439,746821110196,100,424.2480537891388,3458.6471626758575,0.0006887912750244141
54,11,1.1,5,4,11,13,9,12,9,13,9,13,9,13,12,14,10,11,11,14,0,0,0,0,5.119999999999999,8.52,0.9580225694444444,0.08519999999999998,1.1805083650698964,0.4308131845707604,0.013069900424464227,0.004308131845707601,10,8.8,0.9666927083333333,0.088,3.8,440,607963662971,100,405.44080209732056,8.8,0.952126736111111,0.088,7.6,441,602611633635,100,467.69361901283264,7.8,0.9679774305555555,0.078,5.4,442,948500063345,100,379.9107291698456,8.4,0.9619299768518517,0.084,4.6,443,992957841332,100,392.24136424064636,8.0,0.9654745370370369,0.08,5.0,444,520888602397,100,409.79081439971924,9.2,0.9751041666666667,0.092,4.4,445,668419375898,100,344.0293962955475,8.0,0.9344270833333332,0.08,5.8,446,657606891565,100,559.5924668312073,8.8,0.965653935185185,0.088,6.6,447,124715194137,100,406.721093416214,8.6,0.9353211805555555,0.086,4.0,448,936194090208,100,584.2220833301544,8.8,0.9555179398148147,0.088,4.0,449,746821110196,100,418.27599120140076,4367.918359994888,0.0006830692291259766
55,177,17.7,5,4,9,11,10,11,11,14,10,11,10,11,9,10,11,13,9,12,0,0,0,0,10.139999999999999,14.0,0.9543912037037037,0.14000000000000004,1.6051168181786644,0.0,0.00550846336260052,2.7755575615628914e-17,10,14.0,0.9549710648148146,0.14,11.0,450,607963662971,100,291.46909832954407,14.0,0.9476331018518518,0.14,9.4,451,602611633635,100,298.06768679618835,14.0,0.9556828703703704,0.14,10.6,452,948500063345,100,287.8604166507721,14.0,0.9607465277777777,0.14,8.6,453,992957841332,100,297.03959465026855,14.0,0.9628935185185183,0.14,11.0,454,520888602397,100,268.84821128845215,14.0,0.9504687499999999,0.14,10.8,455,668419375898,100,284.61401891708374,14.0,0.9562268518518517,0.14,6.2,456,657606891565,100,282.8035697937012,14.0,0.947037037037037,0.14,10.6,457,124715194137,100,301.8940944671631,14.0,0.9600462962962961,0.14,11.0,458,936194090208,100,254.1639838218689,14.0,0.9482060185185184,0.14,12.2,459,746821110196,100,302.24517941474915,2869.0058541297913,0.0006868839263916016
56,106,10.6,5,4,11,13,12,14,9,13,11,13,12,14,12,14,9,10,11,12,12,13,0,0,11.8,15.52,0.9482376543209874,0.15519999999999998,1.417039166713468,0.22271057451320098,0.008790997158427263,0.002227105745132011,10,16.0,0.9613348765432098,0.16,12.4,230,607963662971,100,313.3144280910492,15.6,0.9546990740740741,0.156,9.8,231,602611633635,100,341.0667860507965,15.6,0.9343749999999998,0.156,11.4,232,948500063345,100,419.78193187713623,15.6,0.9600077160493825,0.156,12.0,233,992957841332,100,319.5066249370575,15.2,0.9444675925925926,0.152,10.4,234,520888602397,100,380.6067545413971,15.6,0.9429861111111109,0.156,12.0,235,668419375898,100,393.0663990974426,15.2,0.9362654320987652,0.152,11.2,236,657606891565,100,417.0383949279785,15.6,0.9526157407407406,0.156,15.4,237,124715194137,100,332.29372811317444,15.4,0.9443364197530862,0.154,11.4,238,936194090208,100,396.6364381313324,15.4,0.9512885802469135,0.154,12.0,239,746821110196,100,367.0713222026825,3680.382807970047,0.0006978511810302734
57,106,10.6,5,4,11,13,9,12,9,13,11,13,9,11,12,14,9,10,11,12,12,13,0,0,12.02,16.46,0.9505568415637858,0.1646,0.9856977224281285,0.20099751242241845,0.007675400925835899,0.00200997512422418,10,16.6,0.9523379629629629,0.166,11.0,460,607963662971,100,368.87345147132874,16.8,0.9607458847736624,0.168,10.0,461,602611633635,100,309.24171137809753,16.4,0.9339711934156377,0.164,13.6,462,948500063345,100,444.89929819107056,16.4,0.949778806584362,0.164,12.2,463,992957841332,100,367.7120795249939,16.0,0.9426543209876542,0.16,12.2,464,520888602397,100,394.1513228416443,16.6,0.9516460905349793,0.166,13.2,465,668419375898,100,358.39564323425293,16.4,0.9454398148148146,0.164,12.4,466,657606891565,100,374.5039484500885,16.4,0.9548019547325103,0.164,11.6,467,124715194137,100,354.8524293899536,16.4,0.9545396090534979,0.164,12.4,468,936194090208,100,359.3989770412445,16.6,0.9596527777777778,0.166,11.6,469,746821110196,100,326.24881887435913,3658.2776803970337,0.0006821155548095703
58,78,7.8,5,4,9,10,9,11,10,13,12,14,0,0,0,0,0,0,0,0,0,0,0,0,4.92,6.919999999999999,0.96290625,0.06920000000000001,1.3746272221951668,0.16000000000000014,0.018324624733517095,0.001599999999999999,10,7.2,0.9831944444444443,0.072,4.4,470,607963662971,100,146.43226599693298,7.0,0.9675578703703702,0.07,4.0,471,602611633635,100,190.93162655830383,7.0,0.987685185185185,0.07,8.0,472,948500063345,100,150.93952345848083,7.0,0.9793287037037036,0.07,4.6,473,992957841332,100,146.7339825630188,7.0,0.9429861111111112,0.07,6.2,474,520888602397,100,215.15428566932678,6.6,0.9335532407407406,0.066,3.8,475,668419375898,100,233.18769073486328,7.0,0.9779513888888887,0.07,5.2,476,657606891565,100,163.0958981513977,6.8,0.9623263888888888,0.068,6.0,477,124715194137,100,184.27989864349365,6.8,0.9415393518518518,0.068,3.4,478,936194090208,100,219.66408586502075,6.8,0.9529398148148147,0.068,3.6,479,746821110196,100,207.10225868225098,1857.5215163230896,0.0007135868072509766
59,19,1.9,5,4,11,14,11,12,10,11,12,14,11,13,10,13,10,11,0,0,0,0,0,0,4.78,6.62,0.9407400793650792,0.06620000000000001,0.9228217596047462,0.2088061301782109,0.017476112046532374,0.002088061301782112,10,6.4,0.9126587301587301,0.064,4.8,480,607963662971,100,410.4220142364502,7.0,0.9514351851851852,0.07,3.8,481,602611633635,100,296.19970965385437,6.6,0.9405820105820106,0.066,4.4,482,948500063345,100,352.41970443725586,6.6,0.9552910052910051,0.066,4.2,483,992957841332,100,318.82392263412476,6.8,0.9402513227513226,0.068,4.2,484,520888602397,100,356.7682571411133,6.2,0.9178637566137565,0.062,5.6,485,668419375898,100,396.58331751823425,6.8,0.9581349206349206,0.068,7.0,486,657606891565,100,292.6560945510864,6.6,0.9416865079365078,0.066,3.8,487,124715194137,100,331.77087116241455,6.6,0.9679894179894177,0.066,4.8,488,936194090208,100,283.6778073310852,6.6,0.9215079365079363,0.066,5.2,489,746821110196,100,392.08134722709656,3431.4030458927155,0.0006844997406005859
60,92,9.2,5,5,9,11,9,11,11,14,0,0,0,0,0,0,0,0,0,0,0,0,0,0,4.94,6.300000000000002,0.9738518518518517,0.06300000000000001,1.016070863670443,0.1000000000000001,0.010467739905192326,0.0010000000000000009,10,6.4,0.9854475308641973,0.064,2.6,490,607963662971,100,139.69064474105835,6.4,0.9817438271604937,0.064,5.4,491,602611633635,100,145.33381032943726,6.2,0.9588888888888888,0.062,6.6,492,948500063345,100,189.2959849834442,6.4,0.9695061728395061,0.064,5.0,493,992957841332,100,164.67241621017456,6.4,0.9784259259259259,0.064,4.6,494,520888602397,100,149.56337714195251,6.2,0.9575462962962962,0.062,5.4,495,668419375898,100,177.92705535888672,6.2,0.9759104938271604,0.062,6.0,496,657606891565,100,156.64701318740845,6.4,0.9798148148148148,0.064,4.8,497,124715194137,100,150.03181862831116,6.2,0.9629012345679011,0.062,4.6,498,936194090208,100,181.16442799568176,6.2,0.9883333333333333,0.062,4.4,499,746821110196,100,136.4755415916443,1590.8020901679993,0.0006668567657470703
61,104,10.4,5,5,9,12,12,13,11,14,9,11,11,12,11,14,10,11,0,0,0,0,0,0,9.44,12.780000000000001,0.9469609788359786,0.1278,1.684755175092215,0.20880613017821104,0.015687184425177265,0.002088061301782112,10,12.8,0.9401984126984126,0.128,7.8,500,607963662971,100,315.400906085968,12.8,0.9377777777777777,0.128,10.2,501,602611633635,100,312.3290581703186,13.0,0.9650859788359787,0.13,13.0,502,948500063345,100,230.42328643798828,12.6,0.9241402116402115,0.126,8.8,503,992957841332,100,347.43715953826904,13.0,0.9676521164021163,0.13,10.4,504,520888602397,100,225.86906933784485,12.6,0.9314616402116401,0.126,10.6,505,668419375898,100,361.41877913475037,13.0,0.9615476190476189,0.13,10.0,506,657606891565,100,235.65386819839478,12.6,0.9375132275132275,0.126,8.8,507,124715194137,100,335.3368306159973,12.4,0.9369841269841269,0.124,6.8,508,936194090208,100,347.8324432373047,13.0,0.9672486772486772,0.13,8.0,509,746821110196,100,227.29938530921936,2939.0007860660553,0.0006809234619140625
62,11,1.1,5,5,11,13,9,12,9,13,9,13,10,14,12,14,10,11,11,13,10,13,0,0,5.720000000000001,9.760000000000002,0.9584753086419753,0.09759999999999999,0.6209669878504008,0.4454211490264019,0.014327816965395868,0.0044542114902640165,10,10.4,0.9632355967078189,0.104,5.0,320,607963662971,100,422.79418778419495,10.2,0.964153806584362,0.102,5.6,321,602611633635,100,392.2399048805237,9.4,0.974832818930041,0.094,6.0,322,948500063345,100,358.34825134277344,9.2,0.9552289094650204,0.092,5.2,323,992957841332,100,463.75133061408997,9.2,0.9657433127572015,0.092,7.0,324,520888602397,100,412.43535470962524,10.4,0.9670318930041151,0.104,5.6,325,668419375898,100,417.63386583328247,10.0,0.942824074074074,0.1,5.0,326,657606891565,100,492.53523087501526,9.8,0.9658179012345678,0.098,5.6,327,124715194137,100,425.81402683258057,9.6,0.96309670781893,0.096,6.6,328,936194090208,100,442.26771450042725,9.4,0.9227880658436214,0.094,5.6,329,746821110196,100,667.7390360832214,4495.558903455734,0.0006706714630126953
63,105,10.5,5,5,9,11,12,14,9,11,12,14,0,0,0,0,0,0,0,0,0,0,0,0,5.74,7.220000000000001,0.9503506944444442,0.0722,0.7158212067269312,0.10770329614269018,0.010658313447444744,0.001077032961426899,10,7.4,0.959548611111111,0.074,6.0,400,607963662971,100,196.31927847862244,7.2,0.9343749999999998,0.072,5.8,401,602611633635,100,260.961092710495,7.0,0.9443055555555554,0.07,7.0,402,948500063345,100,241.03427934646606,7.2,0.9440277777777777,0.072,5.0,403,992957841332,100,239.65571570396423,7.2,0.9465277777777777,0.072,5.2,404,520888602397,100,226.70175123214722,7.2,0.9487152777777776,0.072,6.6,405,668419375898,100,226.08415460586548,7.2,0.9646180555555555,0.072,6.0,406,657606891565,100,189.95694994926453,7.2,0.9485763888888888,0.072,5.8,407,124715194137,100,234.4415910243988,7.4,0.9709374999999999,0.074,4.4,408,936194090208,100,175.4222593307495,7.2,0.941875,0.072,5.6,409,746821110196,100,240.87064933776855,2231.447721719742,0.0006930828094482422
64,178,17.8,5,5,9,11,11,14,12,13,11,14,11,12,12,14,9,10,0,0,0,0,0,0,9.66,13.0,0.958262566137566,0.12999999999999998,1.156027681329474,0.0,0.005382989326719039,2.7755575615628914e-17,10,13.0,0.9491005291005289,0.13,8.8,510,607963662971,100,273.6333510875702,13.0,0.9593320105820105,0.13,8.8,511,602611633635,100,257.3996248245239,13.0,0.956600529100529,0.13,12.0,512,948500063345,100,257.30067110061646,13.0,0.964722222222222,0.13,8.8,513,992957841332,100,253.02489495277405,13.0,0.9516137566137565,0.13,10.4,514,520888602397,100,260.0388662815094,13.0,0.9525330687830685,0.13,10.4,515,668419375898,100,260.99754095077515,13.0,0.9616402116402115,0.13,10.8,516,657606891565,100,238.16127634048462,13.0,0.9629960317460317,0.13,8.2,517,124715194137,100,236.14692974090576,13.0,0.9652645502645502,0.13,9.8,518,936194090208,100,220.17862486839294,13.0,0.9588227513227512,0.13,8.6,519,746821110196,100,230.89649605751038,2487.778276205063,0.000690460205078125
65,77,7.7,5,5,9,11,11,14,10,11,11,12,10,11,9,12,0,0,0,0,0,0,0,0,7.18,9.340000000000002,0.9366242283950615,0.0934,1.2114454176726246,0.1800000000000001,0.014419824536496678,0.0018000000000000015,10,9.2,0.9273379629629628,0.092,9.4,520,607963662971,100,309.0630729198456,9.4,0.9469753086419751,0.094,7.8,521,602611633635,100,260.839152097702,9.6,0.9481790123456788,0.096,5.0,522,948500063345,100,280.0533833503723,9.4,0.9375925925925924,0.094,7.0,523,992957841332,100,272.7793400287628,9.4,0.9296141975308642,0.094,6.0,524,520888602397,100,290.47194361686707,9.2,0.9063348765432098,0.092,8.2,525,668419375898,100,343.7360255718231,9.6,0.9441666666666667,0.096,6.2,526,657606891565,100,284.7766275405884,9.0,0.9406018518518519,0.09,8.2,527,124715194137,100,318.2407298088074,9.2,0.9605787037037036,0.092,7.2,528,936194090208,100,234.15194249153137,9.4,0.9248611111111109,0.094,6.8,529,746821110196,100,283.0869810581207,2877.199198484421,0.0006854534149169922
66,79,7.9,5,5,9,10,11,14,12,13,11,14,11,12,10,13,9,10,0,0,0,0,0,0,8.239999999999998,11.04,0.9359179894179892,0.11040000000000001,1.346996659238619,0.1743559577416267,0.014541131332668628,0.001743559577416271,10,11.0,0.9213756613756613,0.11,5.6,530,607963662971,100,379.8293032646179,11.4,0.9415343915343913,0.114,8.4,531,602611633635,100,329.1790404319763,11.0,0.9309391534391533,0.11,8.6,532,948500063345,100,361.13188767433167,11.2,0.9652248677248674,0.112,9.2,533,992957841332,100,269.687331199646,11.2,0.9274867724867722,0.112,8.0,534,520888602397,100,324.6109428405762,11.0,0.9359788359788359,0.11,7.8,535,668419375898,100,350.45907616615295,11.0,0.9458333333333331,0.11,8.0,536,657606891565,100,328.0959687232971,11.0,0.945542328042328,0.11,6.6,537,124715194137,100,327.5070309638977,10.8,0.9362830687830688,0.108,10.4,538,936194090208,100,331.97995615005493,10.8,0.9089814814814813,0.108,9.8,539,746821110196,100,423.13218235969543,3425.612719774246,0.0006923675537109375
67,11,1.1,5,5,11,14,9,12,9,13,9,13,9,12,12,14,10,11,12,14,0,0,0,0,4.659999999999999,8.400000000000002,0.9463807870370371,0.08399999999999999,1.1456002793295748,0.5215361924162119,0.01662810147029445,0.0052153619241621174,10,9.0,0.9390335648148147,0.09,4.2,540,607963662971,100,502.95404601097107,8.6,0.9457754629629629,0.086,6.6,541,602611633635,100,474.49293088912964,8.0,0.9302604166666666,0.08,5.2,542,948500063345,100,552.6098163127899,8.6,0.934699074074074,0.086,3.2,543,992957841332,100,480.0114495754242,7.4,0.9490075231481481,0.074,3.2,544,520888602397,100,469.1653628349304,9.0,0.9726244212962962,0.09,3.6,545,668419375898,100,316.5150260925293,7.8,0.9230179398148147,0.078,5.4,546,657606891565,100,570.4516704082489,9.0,0.9772366898148147,0.09,5.6,547,124715194137,100,305.87328934669495,8.2,0.953839699074074,0.082,5.8,548,936194090208,100,448.9829411506653,8.4,0.9383130787037036,0.084,3.8,549,746821110196,100,488.4352204799652,4609.491753101349,0.0006818771362304688
68,105,10.5,5,5,11,13,9,12,9,12,11,13,9,12,12,14,9,10,11,12,12,13,0,0,12.760000000000002,16.440000000000005,0.9543117283950616,0.1644,1.4164744967700615,0.24979991993593623,0.007448077508665039,0.0024979991993593614,10,16.6,0.9554166666666666,0.166,13.0,550,607963662971,100,366.37468123435974,16.8,0.9690534979423868,0.168,10.6,551,602611633635,100,288.6752998828888,16.6,0.9424537037037035,0.166,11.0,552,948500063345,100,390.8023040294647,16.4,0.9548096707818929,0.164,14.6,553,992957841332,100,347.30035614967346,15.8,0.9432510288065843,0.158,13.6,554,520888602397,100,396.788104057312,16.4,0.9492849794238681,0.164,12.6,555,668419375898,100,397.7605679035187,16.4,0.9543724279835389,0.164,12.4,556,657606891565,100,324.31874775886536,16.6,0.9568775720164607,0.166,13.2,557,124715194137,100,316.71660351753235,16.4,0.9594598765432097,0.164,15.2,558,936194090208,100,329.0339367389679,16.4,0.9581378600823043,0.164,11.4,559,746821110196,100,340.2261073589325,3497.9967086315155,0.0006868839263916016
69,45,4.5,5,5,9,10,12,14,10,11,9,10,12,14,0,0,0,0,0,0,0,0,0,0,3.6,5.140000000000001,0.9475555555555554,0.0514,0.8485281374238571,0.12806248474865708,0.02161524167895204,0.0012806248474865679,10,5.2,0.9531944444444443,0.052,4.6,560,607963662971,100,232.31723928451538,5.0,0.9561388888888886,0.05,2.6,561,602611633635,100,227.0386917591095,5.2,0.9628888888888886,0.052,4.2,562,948500063345,100,222.7754180431366,5.0,0.9294999999999998,0.05,3.6,563,992957841332,100,292.07817673683167,5.4,0.9845277777777776,0.054,5.2,564,520888602397,100,164.73072910308838,5.2,0.967944444444444,0.052,2.8,565,668419375898,100,229.50928211212158,5.2,0.9143055555555553,0.052,3.6,566,657606891565,100,271.99936747550964,5.0,0.9406944444444443,0.05,2.4,567,124715194137,100,254.5596523284912,5.0,0.9150555555555554,0.05,3.2,568,936194090208,100,297.8437683582306,5.2,0.9513055555555555,0.052,3.8,569,746821110196,100,232.49757051467896,2425.3498957157135,0.0006859302520751953
70,66,6.6,5,5,9,10,11,14,9,11,10,13,9,10,9,13,9,10,9,13,0,0,0,0,11.219999999999999,15.520000000000001,0.9560752314814813,0.15519999999999998,2.000899797591074,0.1833030277982338,0.011205700531802351,0.0018330302779823377,10,15.6,0.9657349537037037,0.156,12.0,570,607963662971,100,328.90575647354126,15.4,0.9415306712962961,0.154,10.6,571,602611633635,100,390.48633456230164,15.6,0.967841435185185,0.156,15.6,572,948500063345,100,348.43227767944336,15.4,0.94078125,0.154,8.2,573,992957841332,100,409.3419666290283,15.2,0.9693836805555553,0.152,12.8,574,520888602397,100,314.2458498477936,15.4,0.9479427083333333,0.154,9.6,575,668419375898,100,387.33935022354126,15.8,0.9539959490740739,0.158,10.2,576,657606891565,100,372.28943514823914,15.6,0.9609664351851851,0.156,10.2,577,124715194137,100,350.374475479126,15.4,0.9686747685185184,0.154,12.8,578,936194090208,100,322.38395404815674,15.8,0.9439004629629629,0.158,10.2,579,746821110196,100,355.63210272789,3579.4315028190613,0.0006947517395019531
71,45,4.5,5,5,9,10,11,14,10,13,9,11,12,14,0,0,0,0,0,0,0,0,0,0,5.84,7.8199999999999985,0.9529824074074073,0.07819999999999999,0.8522910301065006,0.14000000000000015,0.0166527644950986,0.0014000000000000013,10,8.0,0.9724444444444444,0.08,5.4,580,607963662971,100,238.58316159248352,7.8,0.9544999999999998,0.078,6.0,581,602611633635,100,264.8213942050934,7.8,0.9477037037037036,0.078,7.0,582,948500063345,100,307.2764644622803,7.6,0.9522037037037038,0.076,5.6,583,992957841332,100,319.1152300834656,8.0,0.968925925925926,0.08,5.2,584,520888602397,100,259.27894377708435,8.0,0.9656759259259257,0.08,4.8,585,668419375898,100,261.33250641822815,7.6,0.9160277777777779,0.076,7.8,586,657606891565,100,367.0488772392273,7.8,0.9449814814814813,0.078,5.6,587,124715194137,100,310.5463881492615,7.8,0.9697685185185184,0.078,5.6,588,936194090208,100,239.18987917900085,7.8,0.9375925925925926,0.078,5.4,589,746821110196,100,324.0811767578125,2891.2740218639374,0.0006687641143798828
72,45,4.5,5,6,9,10,10,12,10,11,9,10,12,14,11,13,0,0,0,0,0,0,0,0,4.52,6.68,0.9623078703703702,0.06680000000000001,0.47497368348151675,0.15999999999999998,0.010823382231240174,0.0016000000000000014,10,6.6,0.9739120370370369,0.066,5.0,590,607963662971,100,217.46660351753235,6.6,0.962199074074074,0.066,5.4,591,602611633635,100,253.1270546913147,7.0,0.9441203703703702,0.07,3.8,592,948500063345,100,271.5163803100586,6.8,0.9732407407407405,0.068,4.2,593,992957841332,100,224.5907061100006,6.8,0.9765740740740738,0.068,4.2,594,520888602397,100,211.28792190551758,6.8,0.9728703703703703,0.068,5.0,595,668419375898,100,229.78478074073792,6.6,0.9613888888888887,0.066,4.8,596,657606891565,100,248.14825439453125,6.4,0.9546296296296294,0.064,4.2,597,124715194137,100,254.19363164901733,6.6,0.9530787037037035,0.066,4.2,598,936194090208,100,263.41089701652527,6.6,0.9510648148148145,0.066,4.4,599,746821110196,100,271.2771861553192,2444.803416490555,0.0006997585296630859
73,177,17.7,5,6,9,11,10,11,12,14,10,11,11,13,0,0,0,0,0,0,0,0,0,0,5.9,8.0,0.9573249999999998,0.07999999999999999,0.7758865896508328,0.0,0.005776322599870756,1.3877787807814457e-17,10,8.0,0.959333333333333,0.08,5.2,600,607963662971,100,182.36536264419556,8.0,0.9598888888888888,0.08,5.2,601,602611633635,100,181.9485092163086,8.0,0.9538888888888888,0.08,7.0,602,948500063345,100,193.9759180545807,8.0,0.962083333333333,0.08,5.4,603,992957841332,100,184.75957870483398,8.0,0.952361111111111,0.08,5.4,604,520888602397,100,218.70124292373657,8.0,0.9553333333333331,0.08,6.2,605,668419375898,100,204.71789646148682,8.0,0.9489444444444443,0.08,5.4,606,657606891565,100,208.98913288116455,8.0,0.962,0.08,5.2,607,124715194137,100,194.2338376045227,8.0,0.9685555555555554,0.08,7.2,608,936194090208,100,170.7641577720642,8.0,0.9508611111111109,0.08,6.8,609,746821110196,100,206.13816356658936,1946.593799829483,0.0006840229034423828
74,45,4.5,5,6,9,10,12,14,10,11,9,10,12,14,0,0,0,0,0,0,0,0,0,0,3.6,5.140000000000001,0.9475555555555554,0.0514,0.8485281374238571,0.12806248474865708,0.02161524167895204,0.0012806248474865679,10,5.2,0.9531944444444443,0.052,4.6,560,607963662971,100,232.31723928451538,5.0,0.9561388888888886,0.05,2.6,561,602611633635,100,227.0386917591095,5.2,0.9628888888888886,0.052,4.2,562,948500063345,100,222.7754180431366,5.0,0.9294999999999998,0.05,3.6,563,992957841332,100,292.07817673683167,5.4,0.9845277777777776,0.054,5.2,564,520888602397,100,164.73072910308838,5.2,0.967944444444444,0.052,2.8,565,668419375898,100,229.50928211212158,5.2,0.9143055555555553,0.052,3.6,566,657606891565,100,271.99936747550964,5.0,0.9406944444444443,0.05,2.4,567,124715194137,100,254.5596523284912,5.0,0.9150555555555554,0.05,3.2,568,936194090208,100,297.8437683582306,5.2,0.9513055555555555,0.052,3.8,569,746821110196,100,232.49757051467896,2425.3498957157135,0.0006732940673828125
75,45,4.5,5,6,9,10,12,14,10,11,9,10,12,14,0,0,0,0,0,0,0,0,0,0,3.6,5.140000000000001,0.9475555555555554,0.0514,0.8485281374238571,0.12806248474865708,0.02161524167895204,0.0012806248474865679,10,5.2,0.9531944444444443,0.052,4.6,560,607963662971,100,232.31723928451538,5.0,0.9561388888888886,0.05,2.6,561,602611633635,100,227.0386917591095,5.2,0.9628888888888886,0.052,4.2,562,948500063345,100,222.7754180431366,5.0,0.9294999999999998,0.05,3.6,563,992957841332,100,292.07817673683167,5.4,0.9845277777777776,0.054,5.2,564,520888602397,100,164.73072910308838,5.2,0.967944444444444,0.052,2.8,565,668419375898,100,229.50928211212158,5.2,0.9143055555555553,0.052,3.6,566,657606891565,100,271.99936747550964,5.0,0.9406944444444443,0.05,2.4,567,124715194137,100,254.5596523284912,5.0,0.9150555555555554,0.05,3.2,568,936194090208,100,297.8437683582306,5.2,0.9513055555555555,0.052,3.8,569,746821110196,100,232.49757051467896,2425.3498957157135,0.0006659030914306641
76,79,7.9,5,6,9,12,10,11,11,14,9,12,11,12,11,14,10,11,0,0,0,0,0,0,9.34,12.88,0.9468492063492062,0.12880000000000003,0.9210863151735562,0.15999999999999975,0.013903798749388718,0.0016000000000000014,10,13.0,0.9362037037037038,0.13,9.2,610,607963662971,100,332.782101392746,13.2,0.9683994708994709,0.132,8.4,611,602611633635,100,241.97215461730957,13.0,0.953015873015873,0.13,9.2,612,948500063345,100,288.0095658302307,12.8,0.9554497354497354,0.128,10.4,613,992957841332,100,298.06576204299927,12.6,0.9318253968253968,0.126,10.2,614,520888602397,100,337.55890107154846,12.8,0.9434920634920634,0.128,9.8,615,668419375898,100,315.04340839385986,12.8,0.9375264550264548,0.128,10.2,616,657606891565,100,298.407918214798,13.0,0.9684391534391533,0.13,8.6,617,124715194137,100,242.7396900653839,12.8,0.9485185185185185,0.128,7.4,618,936194090208,100,284.4544143676758,12.8,0.9256216931216931,0.128,10.0,619,746821110196,100,350.64297127723694,2989.6768872737885,0.0006780624389648438
77,91,9.1,5,6,9,12,11,14,12,13,10,13,11,12,11,14,10,11,0,0,0,0,0,0,9.559999999999999,13.319999999999999,0.9453558201058201,0.13319999999999999,1.361763562443936,0.2712931993250108,0.016442440032706965,0.00271293199325011,10,13.6,0.9619841269841268,0.136,10.2,620,607963662971,100,231.16334986686707,13.6,0.9557671957671958,0.136,8.8,621,602611633635,100,260.59617471694946,13.2,0.9275132275132274,0.132,11.6,622,948500063345,100,319.09955978393555,13.4,0.9513624338624338,0.134,6.8,623,992957841332,100,284.40003728866577,13.2,0.9437301587301586,0.132,10.0,624,520888602397,100,324.0398921966553,13.2,0.9281481481481482,0.132,9.0,625,668419375898,100,306.90876054763794,13.2,0.9542328042328043,0.132,8.4,626,657606891565,100,307.95024585723877,13.2,0.936494708994709,0.132,11.4,627,124715194137,100,297.4784450531006,12.8,0.9197619047619047,0.128,10.2,628,936194090208,100,367.61133766174316,13.8,0.9745634920634919,0.138,9.2,629,746821110196,100,243.03088569641113,2942.2786886692047,0.0007557868957519531
78,79,7.9,5,6,9,10,11,14,12,13,11,14,11,12,10,13,9,10,0,0,0,0,0,0,8.239999999999998,11.04,0.9359179894179892,0.11040000000000001,1.346996659238619,0.1743559577416267,0.014541131332668628,0.001743559577416271,10,11.0,0.9213756613756613,0.11,5.6,530,607963662971,100,379.8293032646179,11.4,0.9415343915343913,0.114,8.4,531,602611633635,100,329.1790404319763,11.0,0.9309391534391533,0.11,8.6,532,948500063345,100,361.13188767433167,11.2,0.9652248677248674,0.112,9.2,533,992957841332,100,269.687331199646,11.2,0.9274867724867722,0.112,8.0,534,520888602397,100,324.6109428405762,11.0,0.9359788359788359,0.11,7.8,535,668419375898,100,350.45907616615295,11.0,0.9458333333333331,0.11,8.0,536,657606891565,100,328.0959687232971,11.0,0.945542328042328,0.11,6.6,537,124715194137,100,327.5070309638977,10.8,0.9362830687830688,0.108,10.4,538,936194090208,100,331.97995615005493,10.8,0.9089814814814813,0.108,9.8,539,746821110196,100,423.13218235969543,3425.612719774246,0.0007855892181396484
79,87,8.7,5,6,9,12,11,14,12,13,11,14,11,12,12,14,10,11,0,0,0,0,0,0,9.28,12.36,0.9492215608465608,0.12359999999999997,1.1838918869558992,0.19595917942265434,0.0140910069927462,0.001959591794226544,10,12.4,0.9494179894179894,0.124,9.2,630,607963662971,100,283.75583028793335,12.6,0.953829365079365,0.126,9.8,631,602611633635,100,260.09920024871826,12.4,0.936600529100529,0.124,12.6,632,948500063345,100,262.6982777118683,12.6,0.9583068783068782,0.126,8.6,633,992957841332,100,231.91145062446594,12.4,0.9649338624338624,0.124,9.0,634,520888602397,100,220.57610821723938,12.2,0.9240343915343915,0.122,8.6,635,668419375898,100,333.26110219955444,12.2,0.9443849206349206,0.122,9.0,636,657606891565,100,280.01685523986816,12.2,0.9426455026455026,0.122,9.2,637,124715194137,100,269.26534128189087,12.0,0.9419708994708994,0.12,8.6,638,936194090208,100,265.8607623577118,12.6,0.9760912698412697,0.126,8.2,639,746821110196,100,218.1826252937317,2625.627553462982,0.0006761550903320312
80,179,17.9,5,6,9,11,10,11,11,14,9,10,9,10,9,10,11,13,10,13,0,0,0,0,9.58,14.0,0.952905671296296,0.14000000000000004,1.5190786681406594,0.08944271909999127,0.006075233824299399,0.0008944271909999105,10,14.0,0.953472222222222,0.14,10.6,640,607963662971,100,304.1352400779724,14.0,0.9463946759259257,0.14,7.6,641,602611633635,100,302.1618559360504,14.0,0.9547685185185184,0.14,12.0,642,948500063345,100,298.6079144477844,14.0,0.9590104166666664,0.14,9.0,643,992957841332,100,298.8515148162842,14.2,0.9667708333333331,0.142,9.2,644,520888602397,100,233.90126061439514,14.0,0.9486863425925924,0.14,12.2,645,668419375898,100,292.80838084220886,14.0,0.9544328703703702,0.14,9.0,646,657606891565,100,289.963418006897,14.0,0.9457407407407405,0.14,10.0,647,124715194137,100,304.890572309494,13.8,0.951255787037037,0.138,8.2,648,936194090208,100,306.47217655181885,14.0,0.9485243055555554,0.14,8.0,649,746821110196,100,307.7799711227417,2939.572304725647,0.0006933212280273438
81,89,8.9,5,6,9,12,10,11,11,14,9,12,11,12,11,13,0,0,0,0,0,0,0,0,9.360000000000001,11.420000000000002,0.9460470679012346,0.11420000000000001,0.8187795796183488,0.10770329614269006,0.015612596833758915,0.0010770329614269018,10,11.2,0.9450385802469136,0.112,10.2,650,607963662971,100,321.13626861572266,11.4,0.9444753086419753,0.114,10.4,651,602611633635,100,280.95335054397583,11.6,0.9660725308641974,0.116,9.8,652,948500063345,100,260.07135105133057,11.4,0.9180324074074074,0.114,8.8,653,992957841332,100,338.39932918548584,11.4,0.9474614197530863,0.114,9.2,654,520888602397,100,282.25565338134766,11.6,0.9581327160493825,0.116,7.8,655,668419375898,100,268.0445384979248,11.4,0.9309104938271605,0.114,10.2,656,657606891565,100,313.9751546382904,11.4,0.9486188271604937,0.114,9.0,657,124715194137,100,269.89596009254456,11.4,0.971087962962963,0.114,9.8,658,936194090208,100,229.76021361351013,11.4,0.9306404320987652,0.114,8.4,659,746821110196,100,294.9733591079712,2859.4651787281036,0.0006806850433349609
82,79,7.9,5,6,9,11,10,13,11,13,11,12,12,14,10,11,0,0,0,0,0,0,0,0,6.840000000000001,9.559999999999999,0.9526712962962962,0.09559999999999999,1.1723480711802274,0.2800000000000002,0.017505905047556523,0.0028000000000000026,10,9.4,0.9481404320987652,0.094,5.4,660,607963662971,100,263.23908281326294,10.0,0.9888657407407407,0.1,6.6,661,602611633635,100,158.15411734580994,9.8,0.9677623456790121,0.098,6.8,662,948500063345,100,209.77515578269958,9.8,0.9588966049382716,0.098,6.6,663,992957841332,100,207.17569851875305,9.2,0.9185185185185185,0.092,7.0,664,520888602397,100,320.6655550003052,9.6,0.938966049382716,0.096,5.0,665,668419375898,100,254.86005783081055,9.6,0.9552083333333331,0.096,8.2,666,657606891565,100,236.9186737537384,9.6,0.9559259259259258,0.096,7.4,667,124715194137,100,212.61021065711975,9.0,0.9429320987654318,0.09,9.2,668,936194090208,100,270.22955226898193,9.6,0.9514969135802468,0.096,6.2,669,746821110196,100,250.25557565689087,2383.883679628372,0.0006783008575439453
83,92,9.2,5,6,9,11,12,13,9,11,11,14,0,0,0,0,0,0,0,0,0,0,0,0,5.26,7.1,0.9457164351851851,0.071,0.6873136110975832,0.10000000000000009,0.00820727777584002,0.000999999999999994,10,7.0,0.9324074074074074,0.07,4.4,670,607963662971,100,232.7079873085022,7.2,0.9441550925925926,0.072,4.2,671,602611633635,100,203.5908486843109,7.0,0.9444675925925925,0.07,6.0,672,948500063345,100,207.49242734909058,7.2,0.9605439814814813,0.072,5.6,673,992957841332,100,195.91272258758545,7.2,0.9367013888888888,0.072,5.6,674,520888602397,100,222.43945288658142,7.0,0.9456018518518516,0.07,5.0,675,668419375898,100,217.05851292610168,7.0,0.9581134259259259,0.07,5.2,676,657606891565,100,204.6312918663025,7.0,0.9403819444444443,0.07,6.6,677,124715194137,100,228.8951075077057,7.2,0.9487268518518517,0.072,5.2,678,936194090208,100,185.46281218528748,7.2,0.9460648148148147,0.072,4.8,679,746821110196,100,208.5092794895172,2106.700442790985,0.000675201416015625
84,179,17.9,5,7,9,10,12,14,10,11,9,10,12,14,0,0,0,0,0,0,0,0,0,0,4.62,7.0,0.9509277777777777,0.07000000000000002,0.7507329751649383,0.0,0.006626094132804721,1.3877787807814457e-17,10,7.0,0.9411944444444444,0.07,5.0,680,607963662971,100,226.89456367492676,7.0,0.9546666666666666,0.07,3.2,681,602611633635,100,210.86378383636475,7.0,0.9583888888888886,0.07,5.8,682,948500063345,100,211.33373641967773,7.0,0.9538888888888886,0.07,4.6,683,992957841332,100,213.83512234687805,7.0,0.9389722222222222,0.07,5.2,684,520888602397,100,245.03194379806519,7.0,0.945972222222222,0.07,4.4,685,668419375898,100,218.48772883415222,7.0,0.9569444444444443,0.07,5.0,686,657606891565,100,207.77702856063843,7.0,0.9561388888888885,0.07,4.2,687,124715194137,100,206.85755848884583,7.0,0.9556944444444444,0.07,3.6,688,936194090208,100,201.30775213241577,7.0,0.9474166666666666,0.07,5.2,689,746821110196,100,233.15880036354065,2175.5480184555054,0.0006883144378662109
85,42,4.2,5,7,9,11,12,14,10,11,10,12,0,0,0,0,0,0,0,0,0,0,0,0,3.96,4.919999999999999,0.9545555555555556,0.0492,1.0947145746723208,0.20396078054371156,0.013315044604080069,0.002039607805437114,10,5.2,0.9629166666666665,0.052,2.4,690,607963662971,100,192.39292335510254,5.0,0.9499305555555554,0.05,4.6,691,602611633635,100,228.83440494537354,4.6,0.9278124999999998,0.046,4.2,692,948500063345,100,263.3218560218811,5.0,0.9682986111111109,0.05,4.4,693,992957841332,100,187.98377084732056,5.2,0.9688194444444442,0.052,4.0,694,520888602397,100,182.61303305625916,5.0,0.9732986111111109,0.05,2.4,695,668419375898,100,173.979966878891,4.6,0.9521527777777776,0.046,6.4,696,657606891565,100,200.7310655117035,4.8,0.948784722222222,0.048,3.6,697,124715194137,100,220.33492636680603,5.0,0.952361111111111,0.05,4.2,698,936194090208,100,214.07623958587646,4.8,0.9411805555555555,0.048,3.4,699,746821110196,100,247.21663665771484,2111.4848232269287,0.0006792545318603516
86,92,9.2,5,7,9,11,12,13,9,11,11,14,0,0,0,0,0,0,0,0,0,0,0,0,5.26,7.1,0.9457164351851851,0.071,0.6873136110975832,0.10000000000000009,0.00820727777584002,0.000999999999999994,10,7.0,0.9324074074074074,0.07,4.4,670,607963662971,100,232.7079873085022,7.2,0.9441550925925926,0.072,4.2,671,602611633635,100,203.5908486843109,7.0,0.9444675925925925,0.07,6.0,672,948500063345,100,207.49242734909058,7.2,0.9605439814814813,0.072,5.6,673,992957841332,100,195.91272258758545,7.2,0.9367013888888888,0.072,5.6,674,520888602397,100,222.43945288658142,7.0,0.9456018518518516,0.07,5.0,675,668419375898,100,217.05851292610168,7.0,0.9581134259259259,0.07,5.2,676,657606891565,100,204.6312918663025,7.0,0.9403819444444443,0.07,6.6,677,124715194137,100,228.8951075077057,7.2,0.9487268518518517,0.072,5.2,678,936194090208,100,185.46281218528748,7.2,0.9460648148148147,0.072,4.8,679,746821110196,100,208.5092794895172,2106.700442790985,0.0006716251373291016
87,11,1.1,5,7,11,13,9,12,9,13,9,13,9,13,12,14,10,11,11,14,0,0,0,0,5.119999999999999,8.52,0.9580225694444444,0.08519999999999998,1.1805083650698964,0.4308131845707604,0.013069900424464227,0.004308131845707601,10,8.8,0.9666927083333333,0.088,3.8,440,607963662971,100,405.44080209732056,8.8,0.952126736111111,0.088,7.6,441,602611633635,100,467.69361901283264,7.8,0.9679774305555555,0.078,5.4,442,948500063345,100,379.9107291698456,8.4,0.9619299768518517,0.084,4.6,443,992957841332,100,392.24136424064636,8.0,0.9654745370370369,0.08,5.0,444,520888602397,100,409.79081439971924,9.2,0.9751041666666667,0.092,4.4,445,668419375898,100,344.0293962955475,8.0,0.9344270833333332,0.08,5.8,446,657606891565,100,559.5924668312073,8.8,0.965653935185185,0.088,6.6,447,124715194137,100,406.721093416214,8.6,0.9353211805555555,0.086,4.0,448,936194090208,100,584.2220833301544,8.8,0.9555179398148147,0.088,4.0,449,746821110196,100,418.27599120140076,4367.918359994888,0.0006892681121826172
88,79,7.9,5,7,9,10,9,11,10,11,9,10,11,13,11,12,0,0,0,0,0,0,0,0,4.720000000000001,6.82,0.9248564814814813,0.06820000000000001,0.8541662601625047,0.18867962264113225,0.01619989307044419,0.0018867962264113225,10,6.6,0.9211805555555553,0.066,5.0,700,607963662971,100,296.39617252349854,7.0,0.9420138888888886,0.07,3.4,701,602611633635,100,268.1919815540314,7.0,0.9264814814814812,0.07,4.8,702,948500063345,100,296.91266226768494,7.0,0.9389120370370369,0.07,4.0,703,992957841332,100,245.90408301353455,6.8,0.8999537037037036,0.068,5.6,704,520888602397,100,332.027724981308,6.6,0.8941898148148146,0.066,6.0,705,668419375898,100,341.85591077804565,7.0,0.9476388888888886,0.07,4.6,706,657606891565,100,242.82281684875488,6.6,0.9215277777777776,0.066,4.8,707,124715194137,100,310.07563519477844,6.6,0.9291666666666666,0.066,5.6,708,936194090208,100,271.959636926651,7.0,0.9274999999999998,0.07,3.4,709,746821110196,100,286.6336450576782,2892.7802691459656,0.0006947517395019531
89,44,4.4,5,7,9,10,11,14,12,13,11,14,10,11,10,12,9,10,0,0,0,0,0,0,6.16,8.579999999999998,0.9491276455026453,0.08579999999999999,0.8380930735902784,0.2441311123146741,0.015889653551685163,0.0024413111231467374,10,8.4,0.9407142857142856,0.084,7.2,710,607963662971,100,346.7931761741638,9.0,0.9650198412698412,0.09,6.0,711,602611633635,100,237.3146035671234,8.4,0.924702380952381,0.084,7.8,712,948500063345,100,393.0756196975708,8.2,0.9380753968253968,0.082,6.8,713,992957841332,100,345.2162926197052,8.6,0.967142857142857,0.086,6.0,714,520888602397,100,279.2144923210144,9.0,0.9590079365079365,0.09,5.2,715,668419375898,100,258.9832272529602,8.4,0.9390939153439152,0.084,5.4,716,657606891565,100,346.65712785720825,8.6,0.9305952380952379,0.086,5.6,717,124715194137,100,382.11528515815735,8.6,0.9735978835978835,0.086,5.2,718,936194090208,100,242.5416703224182,8.6,0.9533267195767196,0.086,6.4,719,746821110196,100,334.35403299331665,3166.2655279636383,0.0006916522979736328
90,11,1.1,5,7,11,13,9,12,9,12,10,13,9,13,10,13,12,13,10,11,12,14,0,0,5.3,8.239999999999998,0.9524470164609052,0.08239999999999999,0.8910667763978184,0.5351635264103862,0.008299465053963824,0.005351635264103861,10,9.0,0.9433436213991769,0.09,3.6,720,607963662971,100,517.8785059452057,8.8,0.9607998971193413,0.088,5.2,721,602611633635,100,432.72367000579834,7.8,0.9500951646090533,0.078,5.6,722,948500063345,100,526.2093064785004,8.4,0.9498559670781892,0.084,5.4,723,992957841332,100,499.502183675766,7.4,0.9670216049382715,0.074,6.6,724,520888602397,100,444.32491874694824,9.0,0.9598688271604937,0.09,4.6,725,668419375898,100,468.0694046020508,7.6,0.9381944444444444,0.076,5.8,726,657606891565,100,549.8052570819855,8.2,0.9513991769547325,0.082,5.2,727,124715194137,100,464.9339692592621,8.0,0.9468621399176954,0.08,4.4,728,936194090208,100,476.7681248188019,8.2,0.9570293209876541,0.082,6.6,729,746821110196,100,405.816223859787,4786.031564474106,0.0006759166717529297
91,177,17.7,5,7,9,11,10,11,9,10,10,12,0,0,0,0,0,0,0,0,0,0,0,0,4.26,6.0,0.9595243055555553,0.06000000000000001,0.8296987405076616,0.0,0.008706226624714918,1.3877787807814457e-17,10,6.0,0.9509374999999998,0.06,4.8,730,607963662971,100,190.078937292099,6.0,0.9553124999999999,0.06,3.8,731,602611633635,100,174.9465296268463,6.0,0.9679166666666665,0.06,5.0,732,948500063345,100,178.1033754348755,6.0,0.9627430555555554,0.06,5.0,733,992957841332,100,181.61536955833435,6.0,0.9486458333333332,0.06,3.4,734,520888602397,100,193.88732433319092,6.0,0.9583333333333331,0.06,4.8,735,668419375898,100,172.3026967048645,6.0,0.9725694444444443,0.06,2.4,736,657606891565,100,163.48828053474426,6.0,0.9714930555555553,0.06,4.8,737,124715194137,100,162.19693517684937,6.0,0.9471874999999998,0.06,4.8,738,936194090208,100,198.04665446281433,6.0,0.9601041666666665,0.06,3.8,739,746821110196,100,174.66799664497375,1789.3340997695923,0.0006926059722900391
92,11,1.1,5,7,9,12,9,12,9,12,9,12,10,11,12,14,0,0,0,0,0,0,0,0,3.3,5.42,0.9339035493827159,0.054200000000000005,0.5744562646538028,0.28913664589601906,0.021793785389955054,0.002891366458960193,10,5.6,0.980324074074074,0.056,4.0,740,607963662971,100,243.97363305091858,5.6,0.9382098765432098,0.056,2.8,741,602611633635,100,433.8529095649719,5.2,0.924699074074074,0.052,4.4,742,948500063345,100,478.1421992778778,5.8,0.9253703703703703,0.058,3.4,743,992957841332,100,475.3484835624695,5.6,0.9494135802469136,0.056,3.8,744,520888602397,100,359.0601444244385,5.8,0.9304475308641975,0.058,2.6,745,668419375898,100,457.3225600719452,5.2,0.9240200617283952,0.052,3.0,746,657606891565,100,461.66693663597107,5.0,0.9550771604938272,0.05,3.2,747,124715194137,100,309.33718848228455,5.0,0.9016435185185184,0.05,3.2,748,936194090208,100,616.9413273334503,5.4,0.9098302469135802,0.054,2.6,749,746821110196,100,567.3224422931671,4402.9678246974945,0.0006830692291259766
93,45,4.5,5,7,11,12,10,12,10,12,10,11,12,13,9,10,12,14,11,13,0,0,0,0,6.3,8.72,0.9493576388888887,0.08719999999999999,1.1840608092492548,0.31240998703626616,0.011574216723657956,0.003124099870362659,10,8.4,0.9494270833333331,0.084,4.6,750,607963662971,100,326.7525260448456,8.6,0.9325694444444441,0.086,7.4,751,602611633635,100,396.7069845199585,8.4,0.9342187499999999,0.084,8.4,752,948500063345,100,386.08279943466187,8.8,0.9419097222222221,0.088,6.4,753,992957841332,100,338.6949017047882,8.6,0.948003472222222,0.086,6.6,754,520888602397,100,360.91605496406555,9.2,0.960815972222222,0.092,5.2,755,668419375898,100,327.4563775062561,9.0,0.953159722222222,0.09,5.2,756,657606891565,100,321.3518862724304,9.0,0.9688541666666665,0.09,7.2,757,124715194137,100,274.4741733074188,8.2,0.9416319444444443,0.082,7.0,758,936194090208,100,374.1872410774231,9.0,0.9629861111111109,0.09,5.0,759,746821110196,100,297.66230034828186,3404.28524518013,0.0006906986236572266
94,45,4.5,5,7,9,10,12,14,10,11,12,13,12,14,0,0,0,0,0,0,0,0,0,0,3.5800000000000005,5.140000000000001,0.9475555555555554,0.0514,1.0293687385966217,0.12806248474865708,0.02161524167895204,0.0012806248474865679,10,5.2,0.9531944444444443,0.052,2.2,760,607963662971,100,227.31445169448853,5.0,0.9561388888888886,0.05,4.4,761,602611633635,100,218.93908643722534,5.2,0.9628888888888886,0.052,3.4,762,948500063345,100,218.42338013648987,5.0,0.9294999999999998,0.05,4.6,763,992957841332,100,274.3561444282532,5.4,0.9845277777777776,0.054,2.2,764,520888602397,100,164.80430030822754,5.2,0.967944444444444,0.052,2.2,765,668419375898,100,217.71933722496033,5.2,0.9143055555555553,0.052,3.4,766,657606891565,100,264.198495388031,5.0,0.9406944444444443,0.05,5.0,767,124715194137,100,246.27347779273987,5.0,0.9150555555555554,0.05,3.8,768,936194090208,100,283.3444015979767,5.2,0.9513055555555555,0.052,4.6,769,746821110196,100,228.3040943145752,2343.6771693229675,0.0006852149963378906
95,179,17.9,5,7,9,11,10,11,11,14,9,10,11,13,10,13,0,0,0,0,0,0,0,0,8.58,12.0,0.9578186728395061,0.12000000000000002,1.0934349546269315,0.0,0.006901726508905319,2.7755575615628914e-17,10,12.0,0.9499305555555554,0.12,8.2,770,607963662971,100,255.58518052101135,12.0,0.9630555555555554,0.12,7.4,771,602611633635,100,223.6225929260254,12.0,0.9530478395061728,0.12,9.4,772,948500063345,100,249.47946286201477,12.0,0.9430555555555555,0.12,7.0,773,992957841332,100,284.22945761680603,12.0,0.9594444444444443,0.12,8.4,774,520888602397,100,249.02789402008057,12.0,0.9635570987654319,0.12,11.0,775,668419375898,100,239.9344871044159,12.0,0.9588888888888888,0.12,9.4,776,657606891565,100,234.42258095741272,12.0,0.9633487654320986,0.12,8.8,777,124715194137,100,232.9789924621582,12.0,0.9666666666666667,0.12,7.8,778,936194090208,100,205.9955117702484,12.0,0.9571913580246912,0.12,8.4,779,746821110196,100,227.06305313110352,2402.339213371277,0.0006747245788574219
96,45,4.5,5,8,9,10,10,12,11,13,11,12,0,0,0,0,0,0,0,0,0,0,0,0,3.0,4.2,0.9419270833333332,0.041999999999999996,0.6131883886702356,0.21908902300206648,0.02404103203997419,0.002190890230020664,10,4.2,0.9054166666666665,0.042,3.2,780,607963662971,100,301.6393983364105,4.4,0.9630208333333331,0.044,4.2,781,602611633635,100,216.5083041191101,4.0,0.9318402777777778,0.04,3.2,782,948500063345,100,266.77234959602356,4.2,0.9232291666666664,0.042,2.0,783,992957841332,100,285.9798698425293,4.6,0.9801736111111109,0.046,2.6,784,520888602397,100,172.50310683250427,4.2,0.9353472222222221,0.042,3.0,785,668419375898,100,256.33794689178467,3.8,0.9307291666666665,0.038,3.2,786,657606891565,100,253.67423677444458,4.2,0.977395833333333,0.042,3.6,787,124715194137,100,175.26295971870422,4.4,0.9532638888888887,0.044,2.8,788,936194090208,100,218.0262758731842,4.0,0.9188541666666665,0.04,2.2,789,746821110196,100,267.06940031051636,2413.773848295212,0.0006806850433349609
97,92,9.2,5,8,9,11,10,11,12,13,11,13,0,0,0,0,0,0,0,0,0,0,0,0,3.7199999999999998,5.220000000000001,0.9276076388888889,0.0522,0.6997142273814361,0.14000000000000012,0.015339627410010107,0.0013999999999999991,10,5.4,0.9333333333333333,0.054,3.4,790,607963662971,100,226.76721930503845,5.2,0.9204513888888888,0.052,3.8,791,602611633635,100,259.5343084335327,5.0,0.9152083333333332,0.05,4.4,792,948500063345,100,255.60636615753174,5.2,0.9251041666666666,0.052,3.4,793,992957841332,100,235.16519927978516,5.4,0.9446180555555554,0.054,2.4,794,520888602397,100,206.35092329978943,5.2,0.9163541666666665,0.052,3.2,795,668419375898,100,234.14439916610718,5.2,0.962361111111111,0.052,5.0,796,657606891565,100,172.6757366657257,5.0,0.9152430555555553,0.05,3.4,797,124715194137,100,246.19474148750305,5.4,0.9331597222222221,0.054,3.8,798,936194090208,100,225.3064296245575,5.2,0.9102430555555553,0.052,4.4,799,746821110196,100,239.8533957004547,2301.5987191200256,0.0006818771362304688
98,79,7.9,5,8,9,10,9,11,10,11,9,10,11,13,11,12,0,0,0,0,0,0,0,0,4.720000000000001,6.82,0.9248564814814813,0.06820000000000001,0.8541662601625047,0.18867962264113225,0.01619989307044419,0.0018867962264113225,10,6.6,0.9211805555555553,0.066,5.0,700,607963662971,100,296.39617252349854,7.0,0.9420138888888886,0.07,3.4,701,602611633635,100,268.1919815540314,7.0,0.9264814814814812,0.07,4.8,702,948500063345,100,296.91266226768494,7.0,0.9389120370370369,0.07,4.0,703,992957841332,100,245.90408301353455,6.8,0.8999537037037036,0.068,5.6,704,520888602397,100,332.027724981308,6.6,0.8941898148148146,0.066,6.0,705,668419375898,100,341.85591077804565,7.0,0.9476388888888886,0.07,4.6,706,657606891565,100,242.82281684875488,6.6,0.9215277777777776,0.066,4.8,707,124715194137,100,310.07563519477844,6.6,0.9291666666666666,0.066,5.6,708,936194090208,100,271.959636926651,7.0,0.9274999999999998,0.07,3.4,709,746821110196,100,286.6336450576782,2892.7802691459656,0.0006787776947021484
99,79,7.9,5,8,9,10,9,11,10,11,9,10,11,13,11,12,0,0,0,0,0,0,0,0,4.720000000000001,6.82,0.9248564814814813,0.06820000000000001,0.8541662601625047,0.18867962264113225,0.01619989307044419,0.0018867962264113225,10,6.6,0.9211805555555553,0.066,5.0,700,607963662971,100,296.39617252349854,7.0,0.9420138888888886,0.07,3.4,701,602611633635,100,268.1919815540314,7.0,0.9264814814814812,0.07,4.8,702,948500063345,100,296.91266226768494,7.0,0.9389120370370369,0.07,4.0,703,992957841332,100,245.90408301353455,6.8,0.8999537037037036,0.068,5.6,704,520888602397,100,332.027724981308,6.6,0.8941898148148146,0.066,6.0,705,668419375898,100,341.85591077804565,7.0,0.9476388888888886,0.07,4.6,706,657606891565,100,242.82281684875488,6.6,0.9215277777777776,0.066,4.8,707,124715194137,100,310.07563519477844,6.6,0.9291666666666666,0.066,5.6,708,936194090208,100,271.959636926651,7.0,0.9274999999999998,0.07,3.4,709,746821110196,100,286.6336450576782,2892.7802691459656,0.0006723403930664062
100,41,4.1,5,8,9,11,12,14,10,11,10,12,0,0,0,0,0,0,0,0,0,0,0,0,3.54,4.88,0.9575347222222221,0.048799999999999996,1.0121264743103997,0.18330302779823376,0.014059447542510962,0.0018330302779823362,10,5.0,0.9454166666666666,0.05,3.0,800,607963662971,100,223.82540774345398,4.8,0.9374999999999999,0.048,3.2,801,602611633635,100,253.8099856376648,4.6,0.9371874999999998,0.046,5.6,802,948500063345,100,232.99259424209595,5.0,0.9772916666666664,0.05,4.4,803,992957841332,100,173.92242860794067,5.2,0.9772916666666666,0.052,2.4,804,520888602397,100,170.48259377479553,5.0,0.9694444444444444,0.05,4.4,805,668419375898,100,172.23070621490479,4.6,0.9622222222222222,0.046,4.2,806,657606891565,100,189.3025586605072,4.8,0.9582291666666665,0.048,3.0,807,124715194137,100,191.8587007522583,5.0,0.9608680555555555,0.05,2.2,808,936194090208,100,198.07054543495178,4.8,0.9498958333333332,0.048,3.0,809,746821110196,100,228.45711064338684,2034.9526317119598,0.0006809234619140625
101,11,1.1,5,8,11,14,9,12,10,13,9,13,9,11,11,13,9,10,11,13,10,11,0,0,4.720000000000001,7.839999999999999,0.9431700102880658,0.0784,1.0047885349664376,0.48826222462934815,0.015761751198515254,0.00488262224629348,10,8.2,0.958065843621399,0.082,5.8,810,607963662971,100,395.98768854141235,7.8,0.9080864197530862,0.078,4.8,811,602611633635,100,733.3252577781677,7.4,0.942793209876543,0.074,5.6,812,948500063345,100,536.7238962650299,7.6,0.9312962962962962,0.076,4.2,813,992957841332,100,586.7684116363525,7.0,0.9614789094650205,0.07,4.2,814,520888602397,100,447.73700761795044,8.2,0.9457021604938269,0.082,5.8,815,668419375898,100,516.3141825199127,7.6,0.9433153292181069,0.076,4.2,816,657606891565,100,486.8032081127167,8.8,0.9553137860082305,0.088,2.4,817,124715194137,100,446.68953251838684,8.2,0.9569855967078189,0.082,5.6,818,936194090208,100,501.90973711013794,7.6,0.9286625514403293,0.076,4.6,819,746821110196,100,538.237587928772,5190.496510028839,0.0006902217864990234
102,11,1.1,5,8,11,14,9,12,9,12,9,12,10,11,12,14,0,0,0,0,0,0,0,0,3.0800000000000005,5.42,0.9339035493827159,0.054200000000000005,1.085172797300043,0.28913664589601906,0.021793785389955054,0.002891366458960193,10,5.6,0.980324074074074,0.056,3.8,820,607963662971,100,255.77857851982117,5.6,0.9382098765432098,0.056,3.2,821,602611633635,100,459.7809913158417,5.2,0.924699074074074,0.052,3.0,822,948500063345,100,493.9550459384918,5.8,0.9253703703703703,0.058,5.8,823,992957841332,100,482.83149242401123,5.6,0.9494135802469136,0.056,2.6,824,520888602397,100,388.14381861686707,5.8,0.9304475308641975,0.058,1.6,825,668419375898,100,488.5583145618439,5.2,0.9240200617283952,0.052,3.2,826,657606891565,100,483.2470107078552,5.0,0.9550771604938272,0.05,3.0,827,124715194137,100,334.8322501182556,5.0,0.9016435185185184,0.05,2.0,828,936194090208,100,622.797770023346,5.4,0.9098302469135802,0.054,2.6,829,746821110196,100,590.4357621669769,4600.361034393311,0.0006804466247558594
103,11,1.1,5,8,9,12,9,12,9,13,9,13,9,12,12,14,10,11,12,14,0,0,0,0,4.66,8.400000000000002,0.9453185763888889,0.08399999999999999,0.6873136110975834,0.5138093031466051,0.01580346937928736,0.005138093031466051,10,9.0,0.9390335648148147,0.09,4.2,830,607963662971,100,531.0878493785858,8.4,0.9443229166666665,0.084,3.6,831,602611633635,100,490.4886314868927,8.0,0.9302604166666666,0.08,5.0,832,948500063345,100,578.1305730342865,8.6,0.934699074074074,0.086,3.8,833,992957841332,100,495.48308992385864,7.4,0.9490075231481481,0.074,6.0,834,520888602397,100,501.209260225296,9.0,0.9682233796296296,0.09,4.6,835,668419375898,100,349.985050201416,7.8,0.9230179398148147,0.078,4.4,836,657606891565,100,605.4728088378906,9.0,0.9772366898148147,0.09,4.6,837,124715194137,100,300.8049216270447,8.4,0.9490711805555555,0.084,5.0,838,936194090208,100,496.6975166797638,8.4,0.9383130787037036,0.084,5.4,839,746821110196,100,512.0751185417175,4861.434819936752,0.0006883144378662109
104,11,1.1,5,8,11,14,9,12,9,13,10,14,9,12,11,12,10,11,12,13,0,0,0,0,4.62,7.0,0.9385002893518518,0.07000000000000002,1.0934349546269317,0.3687817782917156,0.018587455646662657,0.0036878177829171525,10,7.4,0.9428501157407406,0.074,5.2,840,607963662971,100,472.3160858154297,7.6,0.9424045138888888,0.076,5.2,841,602611633635,100,500.67989563941956,7.2,0.9656105324074074,0.072,6.2,842,948500063345,100,334.9704246520996,6.4,0.9346383101851851,0.064,6.0,843,992957841332,100,526.7693655490875,7.2,0.9645052083333332,0.072,4.6,844,520888602397,100,372.3906774520874,6.8,0.9483159722222222,0.068,4.0,845,668419375898,100,463.83149695396423,7.2,0.9126880787037036,0.072,4.0,846,657606891565,100,615.8421573638916,6.6,0.9441030092592593,0.066,5.0,847,124715194137,100,486.90280652046204,6.6,0.9082060185185183,0.066,2.4,848,936194090208,100,638.5457842350006,7.0,0.9216811342592591,0.07,3.6,849,746821110196,100,556.3701050281525,4968.618799209595,0.0006928443908691406
105,177,17.7,5,8,9,10,11,14,10,11,11,14,0,0,0,0,0,0,0,0,0,0,0,0,6.0,8.0,0.9587731481481481,0.07999999999999999,1.058300524425836,0.0,0.010015238303970744,1.3877787807814457e-17,10,8.0,0.9476620370370369,0.08,6.2,850,607963662971,100,196.35203003883362,8.0,0.952037037037037,0.08,4.8,851,602611633635,100,208.4650685787201,8.0,0.9754166666666666,0.08,8.2,852,948500063345,100,170.76775074005127,8.0,0.9504166666666667,0.08,7.4,853,992957841332,100,183.9843680858612,8.0,0.9500694444444444,0.08,6.4,854,520888602397,100,207.20004153251648,8.0,0.960185185185185,0.08,4.8,855,668419375898,100,175.36392760276794,8.0,0.975625,0.08,6.0,856,657606891565,100,179.5839331150055,8.0,0.9603935185185184,0.08,5.6,857,124715194137,100,178.4962604045868,8.0,0.9501620370370368,0.08,5.0,858,936194090208,100,192.87779784202576,8.0,0.965763888888889,0.08,5.6,859,746821110196,100,192.24839782714844,1885.339575767517,0.0008630752563476562
106,79,7.9,5,8,9,10,10,12,11,12,9,10,11,13,9,10,0,0,0,0,0,0,0,0,4.9,6.82,0.9248564814814813,0.06820000000000001,0.9518403227432635,0.18867962264113225,0.01619989307044419,0.0018867962264113225,10,6.6,0.9211805555555553,0.066,5.4,860,607963662971,100,295.83193826675415,7.0,0.9420138888888886,0.07,3.8,861,602611633635,100,267.41847491264343,7.0,0.9264814814814812,0.07,5.6,862,948500063345,100,292.326700925827,7.0,0.9389120370370369,0.07,5.0,863,992957841332,100,241.32306957244873,6.8,0.8999537037037036,0.068,4.0,864,520888602397,100,329.88127064704895,6.6,0.8941898148148146,0.066,6.6,865,668419375898,100,339.10990357398987,7.0,0.9476388888888886,0.07,5.8,866,657606891565,100,240.93042588233948,6.6,0.9215277777777776,0.066,5.2,867,124715194137,100,315.70532727241516,6.6,0.9291666666666666,0.066,4.0,868,936194090208,100,277.905722618103,7.0,0.9274999999999998,0.07,3.6,869,746821110196,100,284.2702991962433,2884.703132867813,0.0006835460662841797
107,79,7.9,5,8,9,10,9,12,12,13,9,12,11,12,10,12,10,11,0,0,0,0,0,0,8.100000000000001,10.3,0.9380787037037036,0.10300000000000001,0.8306623862918073,0.18439088914585786,0.013945061278728549,0.0018439088914585747,10,10.2,0.9281084656084654,0.102,7.8,870,607963662971,100,329.5164885520935,10.6,0.9462698412698411,0.106,8.0,871,602611633635,100,285.8061537742615,10.2,0.9340873015873016,0.102,9.4,872,948500063345,100,316.91546607017517,10.4,0.9649999999999997,0.104,8.2,873,992957841332,100,254.1144826412201,10.4,0.9177050264550264,0.104,8.6,874,520888602397,100,339.9081950187683,10.4,0.94140873015873,0.104,7.4,875,668419375898,100,303.1407644748688,10.0,0.9368320105820105,0.1,8.6,876,657606891565,100,335.24434542655945,10.4,0.9556415343915343,0.104,6.8,877,124715194137,100,245.06202030181885,10.0,0.9346759259259259,0.1,9.2,878,936194090208,100,318.0680055618286,10.4,0.921058201058201,0.104,7.0,879,746821110196,100,334.3873643875122,3062.1632862091064,0.0006759166717529297
108,42,4.2,5,9,10,11,10,12,0,0,0,0,0,0,0,0,0,0,0,0,0,0,0,0,1.56,2.08,0.9517152777777775,0.020799999999999996,0.6437390775772434,0.16,0.01866560352668601,0.0016,10,2.4,0.9814583333333332,0.024,2.2,880,607963662971,100,105.47281050682068,2.0,0.9376388888888887,0.02,1.2,881,602611633635,100,137.95462489128113,1.8,0.9246527777777775,0.018,1.8,882,948500063345,100,148.42785620689392,2.0,0.9443749999999999,0.02,1.6,883,992957841332,100,145.51942658424377,2.0,0.9645138888888887,0.02,2.0,884,520888602397,100,118.84695529937744,2.2,0.9658333333333332,0.022,2.6,885,668419375898,100,115.98899936676025,2.0,0.922361111111111,0.02,2.0,886,657606891565,100,148.75364351272583,2.2,0.9534722222222219,0.022,0.8,887,124715194137,100,141.27640223503113,2.2,0.9713888888888889,0.022,0.6,888,936194090208,100,121.90294408798218,2.0,0.9514583333333332,0.02,0.8,889,746821110196,100,144.13540697097778,1328.2790696620941,0.0006659030914306641
109,90,9.0,5,9,9,11,9,11,9,12,11,12,9,11,10,13,0,0,0,0,0,0,0,0,8.319999999999999,11.600000000000001,0.9610069444444443,0.11600000000000002,1.0552724766618335,0.19999999999999998,0.010298562434038106,0.001999999999999996,10,11.6,0.9650694444444444,0.116,10.4,890,607963662971,100,260.4533088207245,11.8,0.9734953703703703,0.118,8.4,891,602611633635,100,251.16132760047913,12.0,0.9655632716049382,0.12,8.6,892,948500063345,100,224.48974585533142,11.8,0.9752006172839506,0.118,7.6,893,992957841332,100,215.98919296264648,11.6,0.9515817901234568,0.116,8.0,894,520888602397,100,279.5547173023224,11.4,0.9623765432098765,0.114,9.0,895,668419375898,100,274.0733962059021,11.4,0.9403858024691357,0.114,9.4,896,657606891565,100,311.8080327510834,11.6,0.9623688271604937,0.116,6.4,897,124715194137,100,262.26138162612915,11.4,0.9646373456790123,0.114,7.6,898,936194090208,100,238.0842912197113,11.4,0.9493904320987653,0.114,7.8,899,746821110196,100,278.7709400653839,2596.6463344097137,0.0006635189056396484
110,75,7.5,5,9,9,11,10,11,9,10,10,12,0,0,0,0,0,0,0,0,0,0,0,0,3.84,5.0,0.9387986111111107,0.05,0.6437390775772434,0.15491933384829681,0.017783576528240943,0.0015491933384829655,10,5.2,0.9485069444444444,0.052,3.6,900,607963662971,100,215.95822882652283,5.0,0.9249999999999999,0.05,4.8,901,602611633635,100,247.03658938407898,4.8,0.9373611111111108,0.048,5.0,902,948500063345,100,239.6368989944458,5.2,0.9635069444444443,0.052,4.2,903,992957841332,100,188.0345973968506,5.0,0.9203472222222221,0.05,4.0,904,520888602397,100,261.56118297576904,5.0,0.9262152777777777,0.05,3.8,905,668419375898,100,262.52666425704956,4.8,0.9604513888888886,0.048,3.4,906,657606891565,100,211.4418547153473,5.0,0.9576388888888887,0.05,3.4,907,124715194137,100,202.65492033958435,5.2,0.940798611111111,0.052,2.8,908,936194090208,100,235.8672580718994,4.8,0.908159722222222,0.048,3.4,909,746821110196,100,287.8494927883148,2352.5676877498627,0.0006804466247558594
111,180,18.0,5,9,9,10,11,14,12,13,11,14,11,12,10,13,9,10,0,0,0,0,0,0,9.499999999999998,13.0,0.954414021164021,0.12999999999999998,1.7070442290696508,0.0,0.006432674594687733,2.7755575615628914e-17,10,13.0,0.9467724867724866,0.13,11.6,910,607963662971,100,290.8020043373108,13.0,0.956190476190476,0.13,7.8,911,602611633635,100,262.79513216018677,13.0,0.9587301587301585,0.13,13.2,912,948500063345,100,246.9704999923706,13.0,0.9593386243386242,0.13,8.0,913,992957841332,100,261.03944969177246,13.0,0.9455026455026454,0.13,8.4,914,520888602397,100,270.6686182022095,13.0,0.9469841269841267,0.13,10.6,915,668419375898,100,281.29445481300354,13.0,0.9635185185185182,0.13,9.2,916,657606891565,100,243.07847595214844,13.0,0.9574470899470899,0.13,8.8,917,124715194137,100,267.7739408016205,13.0,0.9612433862433861,0.13,9.6,918,936194090208,100,236.45051956176758,13.0,0.9484126984126983,0.13,7.8,919,746821110196,100,263.36245107650757,2624.2355465888977,0.000690460205078125
112,45,4.5,5,9,9,10,10,12,11,13,11,12,0,0,0,0,0,0,0,0,0,0,0,0,3.0,4.2,0.9419270833333332,0.041999999999999996,0.6131883886702356,0.21908902300206648,0.02404103203997419,0.002190890230020664,10,4.2,0.9054166666666665,0.042,3.2,780,607963662971,100,301.6393983364105,4.4,0.9630208333333331,0.044,4.2,781,602611633635,100,216.5083041191101,4.0,0.9318402777777778,0.04,3.2,782,948500063345,100,266.77234959602356,4.2,0.9232291666666664,0.042,2.0,783,992957841332,100,285.9798698425293,4.6,0.9801736111111109,0.046,2.6,784,520888602397,100,172.50310683250427,4.2,0.9353472222222221,0.042,3.0,785,668419375898,100,256.33794689178467,3.8,0.9307291666666665,0.038,3.2,786,657606891565,100,253.67423677444458,4.2,0.977395833333333,0.042,3.6,787,124715194137,100,175.26295971870422,4.4,0.9532638888888887,0.044,2.8,788,936194090208,100,218.0262758731842,4.0,0.9188541666666665,0.04,2.2,789,746821110196,100,267.06940031051636,2413.773848295212,0.0006780624389648438
113,45,4.5,5,9,9,10,10,12,11,13,11,12,0,0,0,0,0,0,0,0,0,0,0,0,3.0,4.2,0.9419270833333332,0.041999999999999996,0.6131883886702356,0.21908902300206648,0.02404103203997419,0.002190890230020664,10,4.2,0.9054166666666665,0.042,3.2,780,607963662971,100,301.6393983364105,4.4,0.9630208333333331,0.044,4.2,781,602611633635,100,216.5083041191101,4.0,0.9318402777777778,0.04,3.2,782,948500063345,100,266.77234959602356,4.2,0.9232291666666664,0.042,2.0,783,992957841332,100,285.9798698425293,4.6,0.9801736111111109,0.046,2.6,784,520888602397,100,172.50310683250427,4.2,0.9353472222222221,0.042,3.0,785,668419375898,100,256.33794689178467,3.8,0.9307291666666665,0.038,3.2,786,657606891565,100,253.67423677444458,4.2,0.977395833333333,0.042,3.6,787,124715194137,100,175.26295971870422,4.4,0.9532638888888887,0.044,2.8,788,936194090208,100,218.0262758731842,4.0,0.9188541666666665,0.04,2.2,789,746821110196,100,267.06940031051636,2413.773848295212,0.0006651878356933594
114,180,18.0,5,9,9,11,11,14,9,12,12,14,9,12,0,0,0,0,0,0,0,0,0,0,9.739999999999998,13.0,0.9606879629629631,0.12999999999999998,1.173200750084997,0.0,0.006512312978971216,2.7755575615628914e-17,10,13.0,0.9562685185185185,0.13,10.8,920,607963662971,100,235.02919673919678,13.0,0.9729444444444445,0.13,11.2,921,602611633635,100,182.43245005607605,13.0,0.9592962962962963,0.13,9.2,922,948500063345,100,233.67234420776367,13.0,0.9562037037037037,0.13,8.4,923,992957841332,100,247.90234565734863,13.0,0.9513240740740742,0.13,9.6,924,520888602397,100,260.9934449195862,13.0,0.9533703703703702,0.13,9.8,925,668419375898,100,239.36944723129272,13.0,0.9631759259259258,0.13,10.0,926,657606891565,100,221.02532267570496,13.0,0.9599629629629629,0.13,11.6,927,124715194137,100,231.68960571289062,13.0,0.9676203703703703,0.13,7.6,928,936194090208,100,199.59531259536743,13.0,0.9667129629629629,0.13,9.2,929,746821110196,100,199.25097513198853,2250.9604449272156,0.0006809234619140625
115,11,1.1,5,9,9,11,10,11,11,14,10,13,11,13,0,0,0,0,0,0,0,0,0,0,2.12,3.94,0.9407055555555555,0.03939999999999999,0.3709447398198282,0.28354893757515665,0.00913385616988989,0.0028354893757515653,10,4.2,0.9392777777777777,0.042,1.4,930,607963662971,100,331.5093002319336,3.6,0.9344814814814815,0.036,2.0,931,602611633635,100,416.8452696800232,3.8,0.9517777777777777,0.038,1.8,932,948500063345,100,289.8558735847473,4.4,0.9329907407407406,0.044,2.6,933,992957841332,100,337.1853652000427,3.8,0.9590925925925925,0.038,2.0,934,520888602397,100,307.38910388946533,3.8,0.9427314814814813,0.038,1.8,935,668419375898,100,345.82031059265137,3.6,0.9286203703703704,0.036,2.4,936,657606891565,100,431.33861446380615,3.8,0.9372407407407408,0.038,2.4,937,124715194137,100,325.5125205516815,4.0,0.9478703703703703,0.04,2.6,938,936194090208,100,319.89256024360657,4.4,0.9329722222222221,0.044,2.2,939,746821110196,100,409.7761399745941,3515.125058412552,0.0006818771362304688
116,18,1.8,5,9,9,11,9,10,9,11,9,10,10,12,0,0,0,0,0,0,0,0,0,0,2.6,3.7999999999999994,0.9222305555555554,0.03799999999999999,0.529150262212918,0.15491933384829662,0.016223739702617024,0.0015491933384829681,10,4.0,0.929361111111111,0.04,1.8,940,607963662971,100,291.5465304851532,3.8,0.9172499999999998,0.038,2.4,941,602611633635,100,342.29812145233154,3.8,0.9540833333333332,0.038,2.4,942,948500063345,100,265.4730017185211,3.6,0.9055277777777777,0.036,2.8,943,992957841332,100,361.52421259880066,4.0,0.9411666666666665,0.04,2.4,944,520888602397,100,262.00758171081543,3.8,0.9297499999999997,0.038,2.4,945,668419375898,100,307.6678886413574,3.6,0.9051666666666666,0.036,3.2,946,657606891565,100,345.2880640029907,4.0,0.9078611111111108,0.04,2.6,947,124715194137,100,345.14912152290344,3.6,0.9277777777777777,0.036,3.8,948,936194090208,100,327.93320655822754,3.8,0.9043611111111108,0.038,2.2,949,746821110196,100,358.800452709198,3207.688181400299,0.0006818771362304688
117,171,17.1,5,9,9,12,9,12,9,12,12,14,0,0,0,0,0,0,0,0,0,0,0,0,8.540000000000003,10.959999999999999,0.967292824074074,0.1096,1.6150541786577937,0.07999999999999971,0.0071597009862158535,0.0008000000000000008,10,11.0,0.9661574074074073,0.11,8.4,950,607963662971,100,163.3354787826538,11.0,0.9758101851851853,0.11,7.0,951,602611633635,100,138.72606778144836,11.0,0.9749884259259258,0.11,9.8,952,948500063345,100,138.23067951202393,11.0,0.959849537037037,0.11,6.0,953,992957841332,100,183.61359286308289,11.0,0.9610648148148148,0.11,8.6,954,520888602397,100,170.66140389442444,11.0,0.9625694444444445,0.11,8.8,955,668419375898,100,176.97640109062195,10.8,0.9599884259259259,0.108,11.4,956,657606891565,100,180.38237953186035,10.8,0.960173611111111,0.108,8.8,957,124715194137,100,181.61720609664917,11.0,0.9752546296296297,0.11,6.4,958,936194090208,100,149.72852969169617,11.0,0.9770717592592593,0.11,10.2,959,746821110196,100,140.07628560066223,1623.3480248451233,0.0006814002990722656
118,45,4.5,5,9,9,11,9,10,10,12,10,11,0,0,0,0,0,0,0,0,0,0,0,0,3.16,4.26,0.9408298611111109,0.04259999999999999,0.9583318840568751,0.2374868417407584,0.012849947627583376,0.0023748684174075825,10,4.6,0.9343055555555555,0.046,1.6,960,607963662971,100,240.14730143547058,4.2,0.9587152777777777,0.042,4.2,961,602611633635,100,225.4772822856903,4.4,0.9565624999999999,0.044,2.6,962,948500063345,100,223.64353251457214,4.4,0.9327430555555555,0.044,1.8,963,992957841332,100,258.6162443161011,4.4,0.9416666666666664,0.044,3.4,964,520888602397,100,237.7031171321869,4.4,0.9367013888888887,0.044,2.4,965,668419375898,100,226.55875086784363,3.8,0.923125,0.038,4.0,966,657606891565,100,267.40823435783386,4.0,0.9453472222222221,0.04,4.2,967,124715194137,100,225.24269461631775,4.4,0.9571874999999999,0.044,4.2,968,936194090208,100,217.0093047618866,4.0,0.9219444444444442,0.04,3.2,969,746821110196,100,255.17767119407654,2376.9841334819794,0.0006771087646484375
119,176,17.6,5,9,9,10,10,11,10,12,0,0,0,0,0,0,0,0,0,0,0,0,0,0,3.0799999999999996,3.9799999999999995,0.9581805555555553,0.039799999999999995,0.8726969691708572,0.06000000000000006,0.007127857223174696,0.0006000000000000005,10,4.0,0.9599999999999996,0.04,2.8,970,607963662971,100,164.4848735332489,4.0,0.9638888888888887,0.04,2.6,971,602611633635,100,155.67116737365723,4.0,0.9496296296296295,0.04,4.0,972,948500063345,100,171.11465620994568,4.0,0.9453703703703703,0.04,2.0,973,992957841332,100,175.30240511894226,4.0,0.9696759259259257,0.04,4.0,974,520888602397,100,154.2843382358551,4.0,0.9635185185185184,0.04,4.8,975,668419375898,100,161.24458694458008,3.8,0.9526851851851851,0.038,3.4,976,657606891565,100,189.9339735507965,4.0,0.956435185185185,0.04,2.4,977,124715194137,100,165.3712112903595,4.0,0.956296296296296,0.04,2.4,978,936194090208,100,165.1417384147644,4.0,0.9643055555555553,0.04,2.4,979,746821110196,100,147.54744267463684,1650.0963933467865,0.0006959438323974609
120,176,17.6,5,10,9,10,10,11,10,12,0,0,0,0,0,0,0,0,0,0,0,0,0,0,3.0799999999999996,3.9799999999999995,0.9581805555555553,0.039799999999999995,0.8726969691708572,0.06000000000000006,0.007127857223174696,0.0006000000000000005,10,4.0,0.9599999999999996,0.04,2.8,970,607963662971,100,164.4848735332489,4.0,0.9638888888888887,0.04,2.6,971,602611633635,100,155.67116737365723,4.0,0.9496296296296295,0.04,4.0,972,948500063345,100,171.11465620994568,4.0,0.9453703703703703,0.04,2.0,973,992957841332,100,175.30240511894226,4.0,0.9696759259259257,0.04,4.0,974,520888602397,100,154.2843382358551,4.0,0.9635185185185184,0.04,4.8,975,668419375898,100,161.24458694458008,3.8,0.9526851851851851,0.038,3.4,976,657606891565,100,189.9339735507965,4.0,0.956435185185185,0.04,2.4,977,124715194137,100,165.3712112903595,4.0,0.956296296296296,0.04,2.4,978,936194090208,100,165.1417384147644,4.0,0.9643055555555553,0.04,2.4,979,746821110196,100,147.54744267463684,1650.0963933467865,0.0006673336029052734
121,75,7.5,5,10,9,11,10,11,9,10,10,12,9,10,0,0,0,0,0,0,0,0,0,0,4.0600000000000005,5.9,0.9387722222222219,0.05900000000000001,0.98,0.18439088914585794,0.018651915467781947,0.0018439088914585762,10,6.0,0.9573055555555555,0.06,5.6,980,607963662971,100,228.34275794029236,5.6,0.9333611111111109,0.056,5.8,981,602611633635,100,282.6047341823578,6.2,0.9634999999999998,0.062,3.8,982,948500063345,100,223.93870568275452,5.6,0.9143333333333331,0.056,4.2,983,992957841332,100,294.45707535743713,6.0,0.9166944444444443,0.06,2.4,984,520888602397,100,300.22186827659607,6.0,0.9264999999999997,0.06,4.4,985,668419375898,100,275.0192058086395,5.8,0.9163611111111111,0.058,3.8,986,657606891565,100,300.54840326309204,5.8,0.9509722222222219,0.058,4.0,987,124715194137,100,255.9824194908142,6.0,0.9621944444444441,0.06,3.4,988,936194090208,100,215.193297624588,6.0,0.9464999999999998,0.06,3.2,989,746821110196,100,247.89496040344238,2624.203428030014,0.0006816387176513672
122,75,7.5,5,10,9,11,10,11,9,10,10,12,0,0,0,0,0,0,0,0,0,0,0,0,3.84,5.0,0.9387986111111107,0.05,0.6437390775772434,0.15491933384829681,0.017783576528240943,0.0015491933384829655,10,5.2,0.9485069444444444,0.052,3.6,900,607963662971,100,215.95822882652283,5.0,0.9249999999999999,0.05,4.8,901,602611633635,100,247.03658938407898,4.8,0.9373611111111108,0.048,5.0,902,948500063345,100,239.6368989944458,5.2,0.9635069444444443,0.052,4.2,903,992957841332,100,188.0345973968506,5.0,0.9203472222222221,0.05,4.0,904,520888602397,100,261.56118297576904,5.0,0.9262152777777777,0.05,3.8,905,668419375898,100,262.52666425704956,4.8,0.9604513888888886,0.048,3.4,906,657606891565,100,211.4418547153473,5.0,0.9576388888888887,0.05,3.4,907,124715194137,100,202.65492033958435,5.2,0.940798611111111,0.052,2.8,908,936194090208,100,235.8672580718994,4.8,0.908159722222222,0.048,3.4,909,746821110196,100,287.8494927883148,2352.5676877498627,0.0006706714630126953
123,79,7.9,5,10,11,14,11,12,11,14,9,10,10,13,0,0,0,0,0,0,0,0,0,0,7.08,9.46,0.948037037037037,0.09459999999999999,1.585433694608513,0.1280624847486569,0.013099068543519377,0.001280624847486571,10,9.4,0.9417407407407407,0.094,3.6,990,607963662971,100,228.11741971969604,9.6,0.9754814814814814,0.096,6.6,991,602611633635,100,185.484281539917,9.6,0.9629259259259259,0.096,5.8,992,948500063345,100,218.3658730983734,9.4,0.9526666666666668,0.094,8.2,993,992957841332,100,225.07085919380188,9.6,0.9392777777777777,0.096,6.0,994,520888602397,100,247.08265614509583,9.6,0.9431481481481481,0.096,8.8,995,668419375898,100,253.60498714447021,9.4,0.9248518518518518,0.094,7.6,996,657606891565,100,297.35698676109314,9.4,0.9516851851851851,0.094,8.4,997,124715194137,100,240.10685658454895,9.2,0.9447592592592592,0.092,9.0,998,936194090208,100,247.07694172859192,9.4,0.9438333333333333,0.094,6.8,999,746821110196,100,244.99626922607422,2387.2631311416626,0.0006735324859619141
124,80,8.0,5,10,9,10,9,12,9,12,10,12,9,10,0,0,0,0,0,0,0,0,0,0,6.859999999999999,8.620000000000001,0.9444953703703701,0.08619999999999998,1.1244554237496478,0.16613247725836167,0.019319239421656233,0.001661324772583611,10,8.6,0.9564999999999999,0.086,7.0,1000,607963662971,100,237.67867350578308,8.6,0.9664444444444446,0.086,4.4,1001,602611633635,100,221.34011483192444,8.8,0.9594814814814814,0.088,5.8,1002,948500063345,100,244.56373023986816,8.4,0.9127962962962961,0.084,7.2,1003,992957841332,100,329.85392141342163,8.6,0.9296944444444444,0.086,7.8,1004,520888602397,100,287.6425392627716,8.4,0.9120462962962963,0.084,6.4,1005,668419375898,100,330.69603991508484,8.8,0.9425462962962963,0.088,8.6,1006,657606891565,100,252.4273943901062,8.8,0.9623425925925924,0.088,6.4,1007,124715194137,100,233.42674565315247,8.4,0.9419814814814813,0.084,7.2,1008,936194090208,100,259.52408933639526,8.8,0.9611203703703703,0.088,7.8,1009,746821110196,100,250.04137587547302,2647.1946244239807,0.0007131099700927734
125,175,17.5,5,10,9,10,11,12,9,10,10,11,10,12,0,0,0,0,0,0,0,0,0,0,4.3,6.0,0.9531694444444444,0.06000000000000001,0.7224956747275376,0.0,0.005853661010190236,1.3877787807814457e-17,10,6.0,0.9519166666666663,0.06,4.6,1010,607963662971,100,198.14061665534973,6.0,0.9602222222222219,0.06,4.0,1011,602611633635,100,188.87756824493408,6.0,0.9520833333333332,0.06,4.0,1012,948500063345,100,200.04411101341248,6.0,0.9550555555555553,0.06,5.0,1013,992957841332,100,200.65677332878113,6.0,0.945361111111111,0.06,5.6,1014,520888602397,100,231.6448109149933,6.0,0.9444444444444443,0.06,4.0,1015,668419375898,100,216.7801387310028,6.0,0.949861111111111,0.06,5.2,1016,657606891565,100,210.58943700790405,6.0,0.9645277777777774,0.06,3.8,1017,124715194137,100,184.7610948085785,6.0,0.9560833333333332,0.06,3.4,1018,936194090208,100,182.68806076049805,6.0,0.9521388888888888,0.06,3.4,1019,746821110196,100,209.35003304481506,2023.5326445102692,0.0006732940673828125
126,15,1.5,5,10,9,11,9,10,10,12,10,11,0,0,0,0,0,0,0,0,0,0,0,0,1.5,2.7399999999999993,0.9491874999999999,0.027399999999999997,0.608276253029822,0.2009975124224178,0.016875794448606072,0.0020099751242241776,10,2.8,0.9488541666666667,0.028,1.0,1020,607963662971,100,216.58541226387024,2.8,0.9407986111111111,0.028,1.6,1021,602611633635,100,226.36842942237854,2.8,0.9528819444444443,0.028,1.4,1022,948500063345,100,212.58437824249268,3.0,0.9453124999999999,0.03,1.4,1023,992957841332,100,216.36844778060913,3.0,0.9496527777777777,0.03,1.4,1024,520888602397,100,204.6741862297058,2.6,0.9464930555555553,0.026,1.4,1025,668419375898,100,230.90677976608276,2.4,0.9777777777777775,0.024,1.0,1026,657606891565,100,178.7640540599823,2.8,0.9777777777777775,0.028,3.2,1027,124715194137,100,204.45445799827576,2.8,0.930972222222222,0.028,1.0,1028,936194090208,100,249.2749626636505,2.4,0.9213541666666666,0.024,1.6,1029,746821110196,100,265.9111557006836,2205.8922641277313,0.0006709098815917969
127,47,4.7,5,10,9,11,9,10,9,11,9,10,10,12,0,0,0,0,0,0,0,0,0,0,4.5200000000000005,6.040000000000001,0.9634777777777777,0.06040000000000001,0.881816307401944,0.21540659228538034,0.015907723879057863,0.0021540659228538013,10,5.8,0.9695555555555554,0.058,5.4,1030,607963662971,100,221.26020526885986,5.6,0.9393333333333331,0.056,5.2,1031,602611633635,100,278.38956022262573,6.2,0.9675833333333331,0.062,4.2,1032,948500063345,100,202.8670530319214,6.0,0.9730555555555555,0.06,5.2,1033,992957841332,100,217.69211626052856,6.0,0.9536944444444444,0.06,5.8,1034,520888602397,100,252.639582157135,6.4,0.9871388888888888,0.064,5.0,1035,668419375898,100,178.92613339424133,6.0,0.9508888888888887,0.06,4.0,1036,657606891565,100,244.4894471168518,6.0,0.9393055555555552,0.06,3.4,1037,124715194137,100,266.79673171043396,6.2,0.981111111111111,0.062,4.0,1038,936194090208,100,191.82556557655334,6.2,0.973111111111111,0.062,3.0,1039,746821110196,100,203.5950903892517,2258.4814851284027,0.0006711483001708984
128,42,4.2,5,10,10,11,10,12,0,0,0,0,0,0,0,0,0,0,0,0,0,0,0,0,1.56,2.08,0.9517152777777775,0.020799999999999996,0.6437390775772434,0.16,0.01866560352668601,0.0016,10,2.4,0.9814583333333332,0.024,2.2,880,607963662971,100,105.47281050682068,2.0,0.9376388888888887,0.02,1.2,881,602611633635,100,137.95462489128113,1.8,0.9246527777777775,0.018,1.8,882,948500063345,100,148.42785620689392,2.0,0.9443749999999999,0.02,1.6,883,992957841332,100,145.51942658424377,2.0,0.9645138888888887,0.02,2.0,884,520888602397,100,118.84695529937744,2.2,0.9658333333333332,0.022,2.6,885,668419375898,100,115.98899936676025,2.0,0.922361111111111,0.02,2.0,886,657606891565,100,148.75364351272583,2.2,0.9534722222222219,0.022,0.8,887,124715194137,100,141.27640223503113,2.2,0.9713888888888889,0.022,0.6,888,936194090208,100,121.90294408798218,2.0,0.9514583333333332,0.02,0.8,889,746821110196,100,144.13540697097778,1328.2790696620941,0.000640869140625
129,176,17.6,5,10,9,10,10,11,10,12,0,0,0,0,0,0,0,0,0,0,0,0,0,0,3.0799999999999996,3.9799999999999995,0.9581805555555553,0.039799999999999995,0.8726969691708572,0.06000000000000006,0.007127857223174696,0.0006000000000000005,10,4.0,0.9599999999999996,0.04,2.8,970,607963662971,100,164.4848735332489,4.0,0.9638888888888887,0.04,2.6,971,602611633635,100,155.67116737365723,4.0,0.9496296296296295,0.04,4.0,972,948500063345,100,171.11465620994568,4.0,0.9453703703703703,0.04,2.0,973,992957841332,100,175.30240511894226,4.0,0.9696759259259257,0.04,4.0,974,520888602397,100,154.2843382358551,4.0,0.9635185185185184,0.04,4.8,975,668419375898,100,161.24458694458008,3.8,0.9526851851851851,0.038,3.4,976,657606891565,100,189.9339735507965,4.0,0.956435185185185,0.04,2.4,977,124715194137,100,165.3712112903595,4.0,0.956296296296296,0.04,2.4,978,936194090208,100,165.1417384147644,4.0,0.9643055555555553,0.04,2.4,979,746821110196,100,147.54744267463684,1650.0963933467865,0.0006847381591796875
130,18,1.8,5,10,9,11,9,10,9,11,9,10,10,12,0,0,0,0,0,0,0,0,0,0,2.6,3.7999999999999994,0.9222305555555554,0.03799999999999999,0.529150262212918,0.15491933384829662,0.016223739702617024,0.0015491933384829681,10,4.0,0.929361111111111,0.04,1.8,940,607963662971,100,291.5465304851532,3.8,0.9172499999999998,0.038,2.4,941,602611633635,100,342.29812145233154,3.8,0.9540833333333332,0.038,2.4,942,948500063345,100,265.4730017185211,3.6,0.9055277777777777,0.036,2.8,943,992957841332,100,361.52421259880066,4.0,0.9411666666666665,0.04,2.4,944,520888602397,100,262.00758171081543,3.8,0.9297499999999997,0.038,2.4,945,668419375898,100,307.6678886413574,3.6,0.9051666666666666,0.036,3.2,946,657606891565,100,345.2880640029907,4.0,0.9078611111111108,0.04,2.6,947,124715194137,100,345.14912152290344,3.6,0.9277777777777777,0.036,3.8,948,936194090208,100,327.93320655822754,3.8,0.9043611111111108,0.038,2.2,949,746821110196,100,358.800452709198,3207.688181400299,0.000667572021484375
131,176,17.6,5,10,9,10,10,11,10,12,0,0,0,0,0,0,0,0,0,0,0,0,0,0,3.0799999999999996,3.9799999999999995,0.9581805555555553,0.039799999999999995,0.8726969691708572,0.06000000000000006,0.007127857223174696,0.0006000000000000005,10,4.0,0.9599999999999996,0.04,2.8,970,607963662971,100,164.4848735332489,4.0,0.9638888888888887,0.04,2.6,971,602611633635,100,155.67116737365723,4.0,0.9496296296296295,0.04,4.0,972,948500063345,100,171.11465620994568,4.0,0.9453703703703703,0.04,2.0,973,992957841332,100,175.30240511894226,4.0,0.9696759259259257,0.04,4.0,974,520888602397,100,154.2843382358551,4.0,0.9635185185185184,0.04,4.8,975,668419375898,100,161.24458694458008,3.8,0.9526851851851851,0.038,3.4,976,657606891565,100,189.9339735507965,4.0,0.956435185185185,0.04,2.4,977,124715194137,100,165.3712112903595,4.0,0.956296296296296,0.04,2.4,978,936194090208,100,165.1417384147644,4.0,0.9643055555555553,0.04,2.4,979,746821110196,100,147.54744267463684,1650.0963933467865,0.0006544589996337891
